node1ID node2ID branchID x1 y1 z1 x2 y2 z2 radius length R G B time type 
0 1 0 0.0000 0.0000 -3.0000 0.0870 -0.1705 -3.0579 0.0723 0.2000 0.0000 0.0000 205.0000 0.0695 1.0000 
1 2 0 0.0870 -0.1705 -3.0579 0.1961 -0.3083 -3.1533 0.0723 0.2000 0.0000 0.0000 205.0000 0.1394 1.0000 
2 3 0 0.1961 -0.3083 -3.1533 0.2186 -0.3374 -3.1731 0.0723 0.0417 0.0000 0.0000 205.0000 0.1540 1.0000 
3 4 0 0.2186 -0.3374 -3.1731 0.3395 -0.4665 -3.2663 0.0723 0.2000 0.0000 0.0000 205.0000 0.2242 1.0000 
4 5 0 0.3395 -0.4665 -3.2663 0.4600 -0.5929 -3.3638 0.0723 0.2000 0.0000 0.0000 205.0000 0.2947 1.0000 
5 6 0 0.4600 -0.5929 -3.3638 0.5790 -0.7228 -3.4585 0.0723 0.2000 0.0000 0.0000 205.0000 0.3655 1.0000 
6 7 0 0.5790 -0.7228 -3.4585 0.6802 -0.8359 -3.5887 0.0723 0.2000 0.0000 0.0000 205.0000 0.4367 1.0000 
7 8 0 0.6802 -0.8359 -3.5887 0.8018 -0.9212 -3.7227 0.0723 0.2000 0.0000 0.0000 205.0000 0.5082 1.0000 
8 9 0 0.8018 -0.9212 -3.7227 0.9352 -0.9949 -3.8522 0.0723 0.2000 0.0000 0.0000 205.0000 0.5799 1.0000 
9 10 0 0.9352 -0.9949 -3.8522 1.0640 -1.0698 -3.9856 0.0723 0.2000 0.0000 0.0000 205.0000 0.6520 1.0000 
10 11 0 1.0640 -1.0698 -3.9856 1.1847 -1.1400 -4.1287 0.0723 0.2000 0.0000 0.0000 205.0000 0.7244 1.0000 
11 12 0 1.1847 -1.1400 -4.1287 1.2994 -1.1780 -4.2881 0.0723 0.2000 0.0000 0.0000 205.0000 0.7972 1.0000 
12 13 0 1.2994 -1.1780 -4.2881 1.4106 -1.1958 -4.4534 0.0723 0.2000 0.0000 0.0000 205.0000 0.8703 1.0000 
13 14 0 1.4106 -1.1958 -4.4534 1.5147 -1.1923 -4.6241 0.0723 0.2000 0.0000 0.0000 205.0000 0.9437 1.0000 
14 15 0 1.5147 -1.1923 -4.6241 1.6120 -1.2133 -4.7976 0.0723 0.2000 0.0000 0.0000 205.0000 1.0174 1.0000 
15 16 0 1.6120 -1.2133 -4.7976 1.7088 -1.2377 -4.9709 0.0723 0.2000 0.0000 0.0000 205.0000 1.0915 1.0000 
16 17 0 1.7088 -1.2377 -4.9709 1.7698 -1.2267 -5.1611 0.0723 0.2000 0.0000 0.0000 205.0000 1.1659 1.0000 
17 18 0 1.7698 -1.2267 -5.1611 1.8333 -1.2273 -5.3507 0.0723 0.2000 0.0000 0.0000 205.0000 1.2407 1.0000 
18 19 0 1.8333 -1.2273 -5.3507 1.8907 -1.2331 -5.5422 0.0723 0.2000 0.0000 0.0000 205.0000 1.3158 1.0000 
19 20 0 1.8907 -1.2331 -5.5422 1.9239 -1.2369 -5.7394 0.0723 0.2000 0.0000 0.0000 205.0000 1.3913 1.0000 
20 21 0 1.9239 -1.2369 -5.7394 1.9378 -1.2441 -5.9388 0.0723 0.2000 0.0000 0.0000 205.0000 1.4671 1.0000 
21 22 0 1.9378 -1.2441 -5.9388 1.9430 -1.2451 -5.9784 0.0723 0.0400 0.0000 0.0000 205.0000 1.4824 1.0000 
22 23 0 1.9430 -1.2451 -5.9784 1.9687 -1.2510 -6.1767 0.0723 0.2000 0.0000 0.0000 205.0000 1.5586 1.0000 
23 24 0 1.9687 -1.2510 -6.1767 1.9486 -1.2316 -6.3747 0.0723 0.2000 0.0000 0.0000 205.0000 1.6352 1.0000 
24 25 0 1.9486 -1.2316 -6.3747 1.9254 -1.2302 -6.5734 0.0723 0.2000 0.0000 0.0000 205.0000 1.7122 1.0000 
25 26 0 1.9254 -1.2302 -6.5734 1.9104 -1.2349 -6.7727 0.0723 0.2000 0.0000 0.0000 205.0000 1.7896 1.0000 
26 27 0 1.9104 -1.2349 -6.7727 1.8891 -1.2239 -6.9713 0.0723 0.2000 0.0000 0.0000 205.0000 1.8673 1.0000 
27 28 0 1.8891 -1.2239 -6.9713 1.8710 -1.2126 -7.1701 0.0723 0.2000 0.0000 0.0000 205.0000 1.9454 1.0000 
28 29 0 1.8710 -1.2126 -7.1701 1.8354 -1.2412 -7.3648 0.0723 0.2000 0.0000 0.0000 205.0000 2.0239 1.0000 
29 30 0 1.8354 -1.2412 -7.3648 1.7988 -1.2515 -7.5612 0.0723 0.2000 0.0000 0.0000 205.0000 2.1028 1.0000 
30 31 0 1.7988 -1.2515 -7.5612 1.7643 -1.2674 -7.7576 0.0723 0.2000 0.0000 0.0000 205.0000 2.1820 1.0000 
31 32 0 1.7643 -1.2674 -7.7576 1.7374 -1.2753 -7.9556 0.0723 0.2000 0.0000 0.0000 205.0000 2.2617 1.0000 
32 33 0 1.7374 -1.2753 -7.9556 1.7128 -1.2822 -8.1539 0.0723 0.2000 0.0000 0.0000 205.0000 2.3417 1.0000 
33 34 0 1.7128 -1.2822 -8.1539 1.7142 -1.2873 -8.3539 0.0723 0.2000 0.0000 0.0000 205.0000 2.4222 1.0000 
34 35 0 1.7142 -1.2873 -8.3539 1.7125 -1.2992 -8.5535 0.0723 0.2000 0.0000 0.0000 205.0000 2.5030 1.0000 
35 36 0 1.7125 -1.2992 -8.5535 1.7281 -1.3164 -8.7522 0.0723 0.2000 0.0000 0.0000 205.0000 2.5843 1.0000 
36 37 0 1.7281 -1.3164 -8.7522 1.7318 -1.3197 -8.9521 0.0723 0.2000 0.0000 0.0000 205.0000 2.6659 1.0000 
37 38 0 1.7318 -1.3197 -8.9521 1.7355 -1.3205 -9.1521 0.0723 0.2000 0.0000 0.0000 205.0000 2.7480 1.0000 
38 39 0 1.7355 -1.3205 -9.1521 1.7321 -1.3084 -9.3517 0.0723 0.2000 0.0000 0.0000 205.0000 2.8305 1.0000 
39 40 0 1.7321 -1.3084 -9.3517 1.6980 -1.3008 -9.5486 0.0723 0.2000 0.0000 0.0000 205.0000 2.9134 1.0000 
40 41 0 1.6980 -1.3008 -9.5486 1.6918 -1.2985 -9.5880 0.0723 0.0400 0.0000 0.0000 205.0000 2.9301 1.0000 
41 42 0 1.6918 -1.2985 -9.5880 1.6671 -1.3253 -9.7847 0.0723 0.2000 0.0000 0.0000 205.0000 3.0135 1.0000 
42 43 0 1.6671 -1.3253 -9.7847 1.6189 -1.3443 -9.9779 0.0723 0.2000 0.0000 0.0000 205.0000 3.0974 1.0000 
43 44 0 1.6189 -1.3443 -9.9779 1.5821 -1.3635 -10.1735 0.0723 0.2000 0.0000 0.0000 205.0000 3.1817 1.0000 
44 45 0 1.5821 -1.3635 -10.1735 1.5392 -1.3801 -10.3682 0.0723 0.2000 0.0000 0.0000 205.0000 3.2665 1.0000 
45 46 0 1.5392 -1.3801 -10.3682 1.4938 -1.4022 -10.5617 0.0723 0.2000 0.0000 0.0000 205.0000 3.3517 1.0000 
46 47 0 1.4938 -1.4022 -10.5617 1.4488 -1.4242 -10.7553 0.0723 0.2000 0.0000 0.0000 205.0000 3.4373 1.0000 
47 48 0 1.4488 -1.4242 -10.7553 1.4309 -1.4320 -10.9543 0.0723 0.2000 0.0000 0.0000 205.0000 3.5234 1.0000 
48 49 0 1.4309 -1.4320 -10.9543 1.4146 -1.4415 -11.1535 0.0723 0.2000 0.0000 0.0000 205.0000 3.6100 1.0000 
49 50 0 1.4146 -1.4415 -11.1535 1.4009 -1.4483 -11.3529 0.0723 0.2000 0.0000 0.0000 205.0000 3.6971 1.0000 
50 51 0 1.4009 -1.4483 -11.3529 1.4019 -1.4468 -11.5529 0.0723 0.2000 0.0000 0.0000 205.0000 3.7846 1.0000 
51 52 0 1.4019 -1.4468 -11.5529 1.3993 -1.4427 -11.7528 0.0723 0.2000 0.0000 0.0000 205.0000 3.8726 1.0000 
52 53 0 1.3993 -1.4427 -11.7528 1.4020 -1.4460 -11.9528 0.0723 0.2000 0.0000 0.0000 205.0000 3.9611 1.0000 
53 54 0 1.4020 -1.4460 -11.9528 1.4036 -1.4511 -12.1527 0.0723 0.2000 0.0000 0.0000 205.0000 4.0500 1.0000 
54 55 0 1.4036 -1.4511 -12.1527 1.3922 -1.4674 -12.3517 0.0723 0.2000 0.0000 0.0000 205.0000 4.1395 1.0000 
55 56 0 1.3922 -1.4674 -12.3517 1.3867 -1.4531 -12.5511 0.0723 0.2000 0.0000 0.0000 205.0000 4.2295 1.0000 
56 57 0 1.3867 -1.4531 -12.5511 1.3793 -1.4404 -12.7506 0.0723 0.2000 0.0000 0.0000 205.0000 4.3199 1.0000 
57 58 0 1.3793 -1.4404 -12.7506 1.3723 -1.4304 -12.9502 0.0723 0.2000 0.0000 0.0000 205.0000 4.4109 1.0000 
58 59 0 1.3723 -1.4304 -12.9502 1.3580 -1.4357 -13.1496 0.0723 0.2000 0.0000 0.0000 205.0000 4.5024 1.0000 
59 60 0 1.3580 -1.4357 -13.1496 1.3564 -1.4341 -13.1895 0.0723 0.0400 0.0000 0.0000 205.0000 4.5207 1.0000 
60 61 0 1.3564 -1.4341 -13.1895 1.3544 -1.4300 -13.3895 0.0723 0.2000 0.0000 0.0000 205.0000 4.6129 1.0000 
61 62 0 1.3544 -1.4300 -13.3895 1.3575 -1.4229 -13.5893 0.0723 0.2000 0.0000 0.0000 205.0000 4.7055 1.0000 
62 63 0 1.3575 -1.4229 -13.5893 1.3508 -1.3931 -13.7870 0.0723 0.2000 0.0000 0.0000 205.0000 4.7987 1.0000 
63 64 0 1.3508 -1.3931 -13.7870 1.3283 -1.3774 -13.9851 0.0723 0.2000 0.0000 0.0000 205.0000 4.8924 1.0000 
64 65 0 1.3283 -1.3774 -13.9851 1.3153 -1.3661 -14.1844 0.0723 0.2000 0.0000 0.0000 205.0000 4.9867 1.0000 
65 66 0 1.3153 -1.3661 -14.1844 1.3029 -1.3378 -14.3820 0.0723 0.2000 0.0000 0.0000 205.0000 5.0815 1.0000 
66 67 0 1.3029 -1.3378 -14.3820 1.2891 -1.3171 -14.5804 0.0723 0.2000 0.0000 0.0000 205.0000 5.1769 1.0000 
67 68 0 1.2891 -1.3171 -14.5804 1.2698 -1.3041 -14.7790 0.0723 0.2000 0.0000 0.0000 205.0000 5.2729 1.0000 
68 69 0 1.2698 -1.3041 -14.7790 1.2649 -1.2824 -14.9778 0.0723 0.2000 0.0000 0.0000 205.0000 5.3694 1.0000 
69 70 0 1.2649 -1.2824 -14.9778 1.2438 -1.2750 -15.1766 0.0723 0.2000 0.0000 0.0000 205.0000 5.4665 1.0000 
70 71 0 1.2438 -1.2750 -15.1766 1.2437 -1.2740 -15.3765 0.0723 0.2000 0.0000 0.0000 205.0000 5.5642 1.0000 
71 72 0 1.2437 -1.2740 -15.3765 1.2456 -1.2726 -15.5765 0.0723 0.2000 0.0000 0.0000 205.0000 5.6625 1.0000 
72 73 0 1.2456 -1.2726 -15.5765 1.2443 -1.2670 -15.7765 0.0723 0.2000 0.0000 0.0000 205.0000 5.7614 1.0000 
73 74 0 1.2443 -1.2670 -15.7765 1.2435 -1.2614 -15.9764 0.0723 0.2000 0.0000 0.0000 205.0000 5.8609 1.0000 
74 75 0 1.2435 -1.2614 -15.9764 1.2445 -1.2561 -16.1763 0.0723 0.2000 0.0000 0.0000 205.0000 5.9610 1.0000 
75 76 0 1.2445 -1.2561 -16.1763 1.2404 -1.2417 -16.3757 0.0723 0.2000 0.0000 0.0000 205.0000 6.0618 1.0000 
76 77 0 1.2404 -1.2417 -16.3757 1.2331 -1.2228 -16.5747 0.0723 0.2000 0.0000 0.0000 205.0000 6.1632 1.0000 
77 78 0 1.2331 -1.2228 -16.5747 1.2300 -1.2050 -16.7739 0.0723 0.2000 0.0000 0.0000 205.0000 6.2652 1.0000 
78 79 0 1.2300 -1.2050 -16.7739 1.2284 -1.2042 -16.8139 0.0723 0.0400 0.0000 0.0000 205.0000 6.2857 1.0000 
79 80 0 1.2284 -1.2042 -16.8139 1.2270 -1.1810 -17.0125 0.0723 0.2000 0.0000 0.0000 205.0000 6.3885 1.0000 
80 81 0 1.2270 -1.1810 -17.0125 1.2145 -1.1628 -17.2113 0.0723 0.2000 0.0000 0.0000 205.0000 6.4920 1.0000 
81 82 0 1.2145 -1.1628 -17.2113 1.1972 -1.1229 -17.4065 0.0723 0.2000 0.0000 0.0000 205.0000 6.5961 1.0000 
82 83 0 1.1972 -1.1229 -17.4065 1.1811 -1.0995 -17.6045 0.0723 0.2000 0.0000 0.0000 205.0000 6.7009 1.0000 
83 84 0 1.1811 -1.0995 -17.6045 1.2087 -1.0890 -17.8023 0.0723 0.2000 0.0000 0.0000 205.0000 6.8064 1.0000 
84 85 0 1.2087 -1.0890 -17.8023 1.2283 -1.0920 -18.0013 0.0723 0.2000 0.0000 0.0000 205.0000 6.9126 1.0000 
85 86 0 1.2283 -1.0920 -18.0013 1.2351 -1.1004 -18.2010 0.0723 0.2000 0.0000 0.0000 205.0000 7.0195 1.0000 
86 87 0 1.2351 -1.1004 -18.2010 1.2243 -1.1167 -18.4000 0.0723 0.2000 0.0000 0.0000 205.0000 7.1271 1.0000 
87 88 0 1.2243 -1.1167 -18.4000 1.2236 -1.1086 -18.5999 0.0723 0.2000 0.0000 0.0000 205.0000 7.2355 1.0000 
88 89 0 1.2236 -1.1086 -18.5999 1.2106 -1.0906 -18.7986 0.0723 0.2000 0.0000 0.0000 205.0000 7.3445 1.0000 
89 90 0 1.2106 -1.0906 -18.7986 1.1979 -1.1032 -18.9978 0.0723 0.2000 0.0000 0.0000 205.0000 7.4544 1.0000 
90 91 0 1.1979 -1.1032 -18.9978 1.1912 -1.1218 -19.1968 0.0723 0.2000 0.0000 0.0000 205.0000 7.5649 1.0000 
91 92 0 1.1912 -1.1218 -19.1968 1.1864 -1.1392 -19.3960 0.0723 0.2000 0.0000 0.0000 205.0000 7.6763 1.0000 
92 93 0 1.1864 -1.1392 -19.3960 1.1825 -1.1451 -19.5959 0.0723 0.2000 0.0000 0.0000 205.0000 7.7884 1.0000 
93 94 0 1.1825 -1.1451 -19.5959 1.1801 -1.1367 -19.7957 0.0723 0.2000 0.0000 0.0000 205.0000 7.9012 1.0000 
94 95 0 1.1801 -1.1367 -19.7957 1.1840 -1.1223 -19.9951 0.0723 0.2000 0.0000 0.0000 205.0000 8.0149 1.0000 
95 96 0 1.1840 -1.1223 -19.9951 1.1796 -1.1211 -20.1951 0.0723 0.2000 0.0000 0.0000 205.0000 8.1294 1.0000 
96 97 0 1.1796 -1.1211 -20.1951 1.1678 -1.0977 -20.3934 0.0723 0.2000 0.0000 0.0000 205.0000 8.2447 1.0000 
97 98 0 1.1678 -1.0977 -20.3934 1.1663 -1.0911 -20.4328 0.0723 0.0400 0.0000 0.0000 205.0000 8.2679 1.0000 
98 99 0 1.1663 -1.0911 -20.4328 1.1317 -1.0647 -20.6280 0.0723 0.2000 0.0000 0.0000 205.0000 8.3842 1.0000 
99 100 0 1.1317 -1.0647 -20.6280 1.1026 -1.0299 -20.8228 0.0723 0.2000 0.0000 0.0000 205.0000 8.5014 1.0000 
100 101 0 1.1026 -1.0299 -20.8228 1.0755 -0.9946 -21.0178 0.0723 0.2000 0.0000 0.0000 205.0000 8.6194 1.0000 
101 102 0 1.0755 -0.9946 -21.0178 1.0488 -0.9590 -21.2128 0.0723 0.2000 0.0000 0.0000 205.0000 8.7382 1.0000 
102 103 0 1.0488 -0.9590 -21.2128 1.0520 -0.9433 -21.4121 0.0723 0.2000 0.0000 0.0000 205.0000 8.8580 1.0000 
103 104 0 1.0520 -0.9433 -21.4121 1.0459 -0.9018 -21.6077 0.0723 0.2000 0.0000 0.0000 205.0000 8.9787 1.0000 
104 105 0 1.0459 -0.9018 -21.6077 1.0282 -0.8620 -21.8029 0.0723 0.2000 0.0000 0.0000 205.0000 9.1002 1.0000 
105 106 0 1.0282 -0.8620 -21.8029 1.0264 -0.8281 -22.0000 0.0723 0.2000 0.0000 0.0000 205.0000 9.2227 1.0000 
106 107 0 1.0264 -0.8281 -22.0000 1.0075 -0.8036 -22.1976 0.0723 0.2000 0.0000 0.0000 205.0000 9.3462 1.0000 
107 108 0 1.0075 -0.8036 -22.1976 0.9876 -0.7674 -22.3933 0.0723 0.2000 0.0000 0.0000 205.0000 9.4706 1.0000 
108 109 0 0.9876 -0.7674 -22.3933 0.9849 -0.7458 -22.5921 0.0723 0.2000 0.0000 0.0000 205.0000 9.5959 1.0000 
109 110 0 0.9849 -0.7458 -22.5921 0.9768 -0.7342 -22.7916 0.0723 0.2000 0.0000 0.0000 205.0000 9.7222 1.0000 
110 111 0 0.9768 -0.7342 -22.7916 0.9705 -0.7240 -22.9912 0.0723 0.2000 0.0000 0.0000 205.0000 9.8496 1.0000 
111 112 0 0.9705 -0.7240 -22.9912 0.9631 -0.7135 -23.1908 0.0723 0.2000 0.0000 0.0000 205.0000 9.9779 1.0000 
112 113 0 0.9631 -0.7135 -23.1908 0.9648 -0.7109 -23.2249 0.0723 0.0342 0.0000 0.0000 205.0000 10.0000 1.0000 
113 114 1 0.2186 -0.3374 -3.1731 0.2062 -0.3295 -3.2720 0.1000 0.1000 0.5882 0.5882 0.1961 1.0971 2.0000 
114 115 1 0.2062 -0.3295 -3.2720 0.1992 -0.3252 -3.3716 0.1000 0.1000 0.5882 0.5882 0.1961 1.1985 2.0000 
115 116 1 0.1992 -0.3252 -3.3716 0.1864 -0.3259 -3.4708 0.1000 0.1000 0.5882 0.5882 0.1961 1.3010 2.0000 
116 117 1 0.1864 -0.3259 -3.4708 0.1768 -0.3312 -3.5702 0.1000 0.1000 0.5882 0.5882 0.1961 1.4045 2.0000 
117 118 1 0.1768 -0.3312 -3.5702 0.1731 -0.3377 -3.6699 0.1000 0.1000 0.5882 0.5882 0.1961 1.5090 2.0000 
118 119 1 0.1731 -0.3377 -3.6699 0.1695 -0.3439 -3.7697 0.1000 0.1000 0.5882 0.5882 0.1961 1.6146 2.0000 
119 120 1 0.1695 -0.3439 -3.7697 0.1662 -0.3500 -3.8694 0.1000 0.1000 0.5882 0.5882 0.1961 1.7213 2.0000 
120 121 1 0.1662 -0.3500 -3.8694 0.1601 -0.3542 -3.9691 0.1000 0.1000 0.5882 0.5882 0.1961 1.8291 2.0000 
121 122 1 0.1601 -0.3542 -3.9691 0.1543 -0.3592 -4.0689 0.1000 0.1000 0.5882 0.5882 0.1961 1.9380 2.0000 
122 123 1 0.1543 -0.3592 -4.0689 0.1489 -0.3649 -4.1685 0.1000 0.1000 0.5882 0.5882 0.1961 2.0481 2.0000 
123 124 1 0.1489 -0.3649 -4.1685 0.1435 -0.3697 -4.2683 0.1000 0.1000 0.5882 0.5882 0.1961 2.1593 2.0000 
124 125 1 0.1435 -0.3697 -4.2683 0.1351 -0.3767 -4.3677 0.1000 0.1000 0.5882 0.5882 0.1961 2.2718 2.0000 
125 126 1 0.1351 -0.3767 -4.3677 0.1273 -0.3836 -4.4671 0.1000 0.1000 0.5882 0.5882 0.1961 2.3855 2.0000 
126 127 1 0.1273 -0.3836 -4.4671 0.1189 -0.3912 -4.5665 0.1000 0.1000 0.5882 0.5882 0.1961 2.5004 2.0000 
127 128 1 0.1189 -0.3912 -4.5665 0.1196 -0.4061 -4.6654 0.1000 0.1000 0.5882 0.5882 0.1961 2.6167 2.0000 
128 129 1 0.1196 -0.4061 -4.6654 0.1146 -0.4269 -4.7631 0.1000 0.1000 0.5882 0.5882 0.1961 2.7342 2.0000 
129 130 1 0.1146 -0.4269 -4.7631 0.1082 -0.4564 -4.8584 0.1000 0.1000 0.5882 0.5882 0.1961 2.8531 2.0000 
130 131 1 0.1082 -0.4564 -4.8584 0.1026 -0.4854 -4.9539 0.1000 0.1000 0.5882 0.5882 0.1961 2.9734 2.0000 
131 132 1 0.1026 -0.4854 -4.9539 0.0883 -0.5096 -5.0499 0.1000 0.1000 0.5882 0.5882 0.1961 3.0951 2.0000 
132 133 1 0.0883 -0.5096 -5.0499 0.0746 -0.5348 -5.1457 0.1000 0.1000 0.5882 0.5882 0.1961 3.2182 2.0000 
133 134 1 0.0746 -0.5348 -5.1457 0.0628 -0.5559 -5.2427 0.1000 0.1000 0.5882 0.5882 0.1961 3.3428 2.0000 
134 135 1 0.0628 -0.5559 -5.2427 0.0496 -0.5757 -5.3399 0.1000 0.1000 0.5882 0.5882 0.1961 3.4689 2.0000 
135 136 1 0.0496 -0.5757 -5.3399 0.0374 -0.5973 -5.4367 0.1000 0.1000 0.5882 0.5882 0.1961 3.5966 2.0000 
136 137 1 0.0374 -0.5973 -5.4367 0.0274 -0.6108 -5.5353 0.1000 0.1000 0.5882 0.5882 0.1961 3.7258 2.0000 
137 138 1 0.0274 -0.6108 -5.5353 0.0174 -0.6242 -5.6339 0.1000 0.1000 0.5882 0.5882 0.1961 3.8567 2.0000 
138 139 1 0.0174 -0.6242 -5.6339 0.0050 -0.6406 -5.7318 0.1000 0.1000 0.5882 0.5882 0.1961 3.9893 2.0000 
139 140 1 0.0050 -0.6406 -5.7318 -0.0186 -0.6548 -5.8279 0.1000 0.1000 0.5882 0.5882 0.1961 4.1235 2.0000 
140 141 1 -0.0186 -0.6548 -5.8279 -0.0370 -0.6582 -5.9261 0.1000 0.1000 0.5882 0.5882 0.1961 4.2596 2.0000 
141 142 1 -0.0370 -0.6582 -5.9261 -0.0576 -0.6596 -6.0240 0.1000 0.1000 0.5882 0.5882 0.1961 4.3974 2.0000 
142 143 1 -0.0576 -0.6596 -6.0240 -0.0720 -0.6598 -6.1229 0.1000 0.1000 0.5882 0.5882 0.1961 4.5371 2.0000 
143 144 1 -0.0720 -0.6598 -6.1229 -0.0901 -0.6609 -6.2213 0.1000 0.1000 0.5882 0.5882 0.1961 4.6787 2.0000 
144 145 1 -0.0901 -0.6609 -6.2213 -0.1095 -0.6662 -6.3192 0.1000 0.1000 0.5882 0.5882 0.1961 4.8222 2.0000 
145 146 1 -0.1095 -0.6662 -6.3192 -0.1285 -0.6683 -6.4174 0.1000 0.1000 0.5882 0.5882 0.1961 4.9678 2.0000 
146 147 1 -0.1285 -0.6683 -6.4174 -0.1394 -0.6697 -6.5168 0.1000 0.1000 0.5882 0.5882 0.1961 5.1154 2.0000 
147 148 1 -0.1394 -0.6697 -6.5168 -0.1492 -0.6686 -6.6163 0.1000 0.1000 0.5882 0.5882 0.1961 5.2652 2.0000 
148 149 1 -0.1492 -0.6686 -6.6163 -0.1638 -0.6709 -6.7152 0.1000 0.1000 0.5882 0.5882 0.1961 5.4172 2.0000 
149 150 1 -0.1638 -0.6709 -6.7152 -0.1787 -0.6735 -6.8141 0.1000 0.1000 0.5882 0.5882 0.1961 5.5714 2.0000 
150 151 1 -0.1787 -0.6735 -6.8141 -0.1919 -0.6817 -6.9129 0.1000 0.1000 0.5882 0.5882 0.1961 5.7279 2.0000 
151 152 1 -0.1919 -0.6817 -6.9129 -0.2024 -0.6924 -7.0117 0.1000 0.1000 0.5882 0.5882 0.1961 5.8869 2.0000 
152 153 1 -0.2024 -0.6924 -7.0117 -0.2126 -0.6964 -7.1111 0.1000 0.1000 0.5882 0.5882 0.1961 6.0483 2.0000 
153 154 1 -0.2126 -0.6964 -7.1111 -0.2131 -0.7001 -7.2110 0.1000 0.1000 0.5882 0.5882 0.1961 6.2122 2.0000 
154 155 1 -0.2131 -0.7001 -7.2110 -0.2154 -0.6933 -7.3108 0.1000 0.1000 0.5882 0.5882 0.1961 6.3788 2.0000 
155 156 1 -0.2154 -0.6933 -7.3108 -0.2182 -0.6867 -7.4105 0.1000 0.1000 0.5882 0.5882 0.1961 6.5481 2.0000 
156 157 1 -0.2182 -0.6867 -7.4105 -0.2251 -0.6739 -7.5095 0.1000 0.1000 0.5882 0.5882 0.1961 6.7202 2.0000 
157 158 1 -0.2251 -0.6739 -7.5095 -0.2317 -0.6610 -7.6084 0.1000 0.1000 0.5882 0.5882 0.1961 6.8952 2.0000 
158 159 1 -0.2317 -0.6610 -7.6084 -0.2405 -0.6461 -7.7069 0.1000 0.1000 0.5882 0.5882 0.1961 7.0732 2.0000 
159 160 1 -0.2405 -0.6461 -7.7069 -0.2423 -0.6325 -7.8060 0.1000 0.1000 0.5882 0.5882 0.1961 7.2543 2.0000 
160 161 1 -0.2423 -0.6325 -7.8060 -0.2435 -0.6192 -7.9051 0.1000 0.1000 0.5882 0.5882 0.1961 7.4387 2.0000 
161 162 1 -0.2435 -0.6192 -7.9051 -0.2444 -0.6056 -8.0041 0.1000 0.1000 0.5882 0.5882 0.1961 7.6263 2.0000 
162 163 1 -0.2444 -0.6056 -8.0041 -0.2510 -0.5949 -8.1033 0.1000 0.1000 0.5882 0.5882 0.1961 7.8174 2.0000 
163 164 1 -0.2510 -0.5949 -8.1033 -0.2621 -0.5886 -8.2025 0.1000 0.1000 0.5882 0.5882 0.1961 8.0121 2.0000 
164 165 1 -0.2621 -0.5886 -8.2025 -0.2730 -0.5813 -8.3017 0.1000 0.1000 0.5882 0.5882 0.1961 8.2106 2.0000 
165 166 1 -0.2730 -0.5813 -8.3017 -0.2808 -0.5704 -8.4008 0.1000 0.1000 0.5882 0.5882 0.1961 8.4128 2.0000 
166 167 1 -0.2808 -0.5704 -8.4008 -0.2863 -0.5614 -8.5002 0.1000 0.1000 0.5882 0.5882 0.1961 8.6191 2.0000 
167 168 1 -0.2863 -0.5614 -8.5002 -0.2911 -0.5503 -8.5995 0.1000 0.1000 0.5882 0.5882 0.1961 8.8296 2.0000 
168 169 1 -0.2911 -0.5503 -8.5995 -0.2958 -0.5392 -8.6987 0.1000 0.1000 0.5882 0.5882 0.1961 9.0445 2.0000 
169 170 1 -0.2958 -0.5392 -8.6987 -0.3006 -0.5281 -8.7980 0.1000 0.1000 0.5882 0.5882 0.1961 9.2639 2.0000 
170 171 1 -0.3006 -0.5281 -8.7980 -0.3045 -0.5227 -8.8978 0.1000 0.1000 0.5882 0.5882 0.1961 9.4880 2.0000 
171 172 1 -0.3045 -0.5227 -8.8978 -0.3018 -0.5255 -8.9977 0.1000 0.1000 0.5882 0.5882 0.1961 9.7170 2.0000 
172 173 1 -0.3018 -0.5255 -8.9977 -0.3137 -0.5272 -9.0970 0.1000 0.1000 0.5882 0.5882 0.1961 9.9513 2.0000 
173 174 1 -0.3137 -0.5272 -9.0970 -0.3164 -0.5275 -9.1173 0.1000 0.0205 0.5882 0.5882 0.1961 10.0000 2.0000 
174 175 2 1.9430 -1.2451 -5.9784 1.8624 -1.2758 -6.0290 0.1000 0.1000 0.5882 0.5882 0.1961 2.4999 2.0000 
175 176 2 1.8624 -1.2758 -6.0290 1.7834 -1.3037 -6.0836 0.1000 0.1000 0.5882 0.5882 0.1961 2.6014 2.0000 
176 177 2 1.7834 -1.3037 -6.0836 1.7053 -1.3327 -6.1388 0.1000 0.1000 0.5882 0.5882 0.1961 2.7038 2.0000 
177 178 2 1.7053 -1.3327 -6.1388 1.6244 -1.3584 -6.1917 0.1000 0.1000 0.5882 0.5882 0.1961 2.8073 2.0000 
178 179 2 1.6244 -1.3584 -6.1917 1.5388 -1.3807 -6.2383 0.1000 0.1000 0.5882 0.5882 0.1961 2.9119 2.0000 
179 180 2 1.5388 -1.3807 -6.2383 1.4522 -1.4038 -6.2827 0.1000 0.1000 0.5882 0.5882 0.1961 3.0175 2.0000 
180 181 2 1.4522 -1.4038 -6.2827 1.3622 -1.4272 -6.3196 0.1000 0.1000 0.5882 0.5882 0.1961 3.1241 2.0000 
181 182 2 1.3622 -1.4272 -6.3196 1.2730 -1.4493 -6.3589 0.1000 0.1000 0.5882 0.5882 0.1961 3.2319 2.0000 
182 183 2 1.2730 -1.4493 -6.3589 1.1836 -1.4709 -6.3983 0.1000 0.1000 0.5882 0.5882 0.1961 3.3408 2.0000 
183 184 2 1.1836 -1.4709 -6.3983 1.0931 -1.4971 -6.4318 0.1000 0.1000 0.5882 0.5882 0.1961 3.4509 2.0000 
184 185 2 1.0931 -1.4971 -6.4318 1.0029 -1.5241 -6.4655 0.1000 0.1000 0.5882 0.5882 0.1961 3.5622 2.0000 
185 186 2 1.0029 -1.5241 -6.4655 0.9111 -1.5515 -6.4941 0.1000 0.1000 0.5882 0.5882 0.1961 3.6746 2.0000 
186 187 2 0.9111 -1.5515 -6.4941 0.8184 -1.5774 -6.5211 0.1000 0.1000 0.5882 0.5882 0.1961 3.7883 2.0000 
187 188 2 0.8184 -1.5774 -6.5211 0.7270 -1.6139 -6.5388 0.1000 0.1000 0.5882 0.5882 0.1961 3.9033 2.0000 
188 189 2 0.7270 -1.6139 -6.5388 0.6337 -1.6454 -6.5565 0.1000 0.1000 0.5882 0.5882 0.1961 4.0195 2.0000 
189 190 2 0.6337 -1.6454 -6.5565 0.5414 -1.6790 -6.5754 0.1000 0.1000 0.5882 0.5882 0.1961 4.1370 2.0000 
190 191 2 0.5414 -1.6790 -6.5754 0.4494 -1.7133 -6.5942 0.1000 0.1000 0.5882 0.5882 0.1961 4.2559 2.0000 
191 192 2 0.4494 -1.7133 -6.5942 0.3578 -1.7485 -6.6135 0.1000 0.1000 0.5882 0.5882 0.1961 4.3762 2.0000 
192 193 2 0.3578 -1.7485 -6.6135 0.2659 -1.7821 -6.6340 0.1000 0.1000 0.5882 0.5882 0.1961 4.4979 2.0000 
193 194 2 0.2659 -1.7821 -6.6340 0.1770 -1.8222 -6.6562 0.1000 0.1000 0.5882 0.5882 0.1961 4.6210 2.0000 
194 195 2 0.1770 -1.8222 -6.6562 0.0887 -1.8666 -6.6711 0.1000 0.1000 0.5882 0.5882 0.1961 4.7456 2.0000 
195 196 2 0.0887 -1.8666 -6.6711 0.0017 -1.9119 -6.6905 0.1000 0.1000 0.5882 0.5882 0.1961 4.8717 2.0000 
196 197 2 0.0017 -1.9119 -6.6905 -0.0859 -1.9557 -6.7108 0.1000 0.1000 0.5882 0.5882 0.1961 4.9994 2.0000 
197 198 2 -0.0859 -1.9557 -6.7108 -0.1740 -1.9988 -6.7304 0.1000 0.1000 0.5882 0.5882 0.1961 5.1287 2.0000 
198 199 2 -0.1740 -1.9988 -6.7304 -0.2620 -2.0419 -6.7501 0.1000 0.1000 0.5882 0.5882 0.1961 5.2595 2.0000 
199 200 2 -0.2620 -2.0419 -6.7501 -0.3523 -2.0807 -6.7689 0.1000 0.1000 0.5882 0.5882 0.1961 5.3921 2.0000 
200 201 2 -0.3523 -2.0807 -6.7689 -0.4385 -2.1247 -6.7940 0.1000 0.1000 0.5882 0.5882 0.1961 5.5264 2.0000 
201 202 2 -0.4385 -2.1247 -6.7940 -0.5235 -2.1697 -6.8214 0.1000 0.1000 0.5882 0.5882 0.1961 5.6624 2.0000 
202 203 2 -0.5235 -2.1697 -6.8214 -0.6079 -2.2153 -6.8497 0.1000 0.1000 0.5882 0.5882 0.1961 5.8002 2.0000 
203 204 2 -0.6079 -2.2153 -6.8497 -0.6909 -2.2660 -6.8728 0.1000 0.1000 0.5882 0.5882 0.1961 5.9399 2.0000 
204 205 2 -0.6909 -2.2660 -6.8728 -0.7718 -2.3188 -6.8988 0.1000 0.1000 0.5882 0.5882 0.1961 6.0815 2.0000 
205 206 2 -0.7718 -2.3188 -6.8988 -0.8533 -2.3697 -6.9265 0.1000 0.1000 0.5882 0.5882 0.1961 6.2251 2.0000 
206 207 2 -0.8533 -2.3697 -6.9265 -0.9313 -2.4236 -6.9583 0.1000 0.1000 0.5882 0.5882 0.1961 6.3706 2.0000 
207 208 2 -0.9313 -2.4236 -6.9583 -1.0086 -2.4782 -6.9904 0.1000 0.1000 0.5882 0.5882 0.1961 6.5183 2.0000 
208 209 2 -1.0086 -2.4782 -6.9904 -1.0843 -2.5372 -7.0184 0.1000 0.1000 0.5882 0.5882 0.1961 6.6680 2.0000 
209 210 2 -1.0843 -2.5372 -7.0184 -1.1587 -2.5935 -7.0545 0.1000 0.1000 0.5882 0.5882 0.1961 6.8200 2.0000 
210 211 2 -1.1587 -2.5935 -7.0545 -1.2332 -2.6498 -7.0904 0.1000 0.1000 0.5882 0.5882 0.1961 6.9742 2.0000 
211 212 2 -1.2332 -2.6498 -7.0904 -1.3078 -2.7045 -7.1283 0.1000 0.1000 0.5882 0.5882 0.1961 7.1307 2.0000 
212 213 2 -1.3078 -2.7045 -7.1283 -1.3848 -2.7560 -7.1660 0.1000 0.1000 0.5882 0.5882 0.1961 7.2897 2.0000 
213 214 2 -1.3848 -2.7560 -7.1660 -1.4649 -2.8024 -7.2038 0.1000 0.1000 0.5882 0.5882 0.1961 7.4511 2.0000 
214 215 2 -1.4649 -2.8024 -7.2038 -1.5408 -2.8572 -7.2388 0.1000 0.1000 0.5882 0.5882 0.1961 7.6150 2.0000 
215 216 2 -1.5408 -2.8572 -7.2388 -1.6149 -2.9163 -7.2709 0.1000 0.1000 0.5882 0.5882 0.1961 7.7816 2.0000 
216 217 2 -1.6149 -2.9163 -7.2709 -1.6835 -2.9819 -7.3024 0.1000 0.1000 0.5882 0.5882 0.1961 7.9509 2.0000 
217 218 2 -1.6835 -2.9819 -7.3024 -1.7503 -3.0497 -7.3331 0.1000 0.1000 0.5882 0.5882 0.1961 8.1230 2.0000 
218 219 2 -1.7503 -3.0497 -7.3331 -1.8120 -3.1202 -7.3679 0.1000 0.1000 0.5882 0.5882 0.1961 8.2980 2.0000 
219 220 2 -1.8120 -3.1202 -7.3679 -1.8736 -3.1945 -7.3942 0.1000 0.1000 0.5882 0.5882 0.1961 8.4761 2.0000 
220 221 2 -1.8736 -3.1945 -7.3942 -1.9350 -3.2690 -7.4203 0.1000 0.1000 0.5882 0.5882 0.1961 8.6572 2.0000 
221 222 2 -1.9350 -3.2690 -7.4203 -1.9950 -3.3439 -7.4484 0.1000 0.1000 0.5882 0.5882 0.1961 8.8415 2.0000 
222 223 2 -1.9950 -3.3439 -7.4484 -2.0565 -3.4181 -7.4749 0.1000 0.1000 0.5882 0.5882 0.1961 9.0292 2.0000 
223 224 2 -2.0565 -3.4181 -7.4749 -2.1148 -3.4926 -7.5073 0.1000 0.1000 0.5882 0.5882 0.1961 9.2203 2.0000 
224 225 2 -2.1148 -3.4926 -7.5073 -2.1683 -3.5696 -7.5422 0.1000 0.1000 0.5882 0.5882 0.1961 9.4150 2.0000 
225 226 2 -2.1683 -3.5696 -7.5422 -2.2259 -3.6441 -7.5758 0.1000 0.1000 0.5882 0.5882 0.1961 9.6134 2.0000 
226 227 2 -2.2259 -3.6441 -7.5758 -2.2833 -3.7155 -7.6160 0.1000 0.1000 0.5882 0.5882 0.1961 9.8157 2.0000 
227 228 2 -2.2833 -3.7155 -7.6160 -2.3356 -3.7772 -7.6541 0.1000 0.0894 0.5882 0.5882 0.1961 10.0000 2.0000 
228 229 3 1.6918 -1.2985 -9.5880 1.6970 -1.2034 -9.6183 0.1000 0.1000 0.5882 0.5882 0.1961 4.0365 2.0000 
229 230 3 1.6970 -1.2034 -9.6183 1.7019 -1.1094 -9.6521 0.1000 0.1000 0.5882 0.5882 0.1961 4.1380 2.0000 
230 231 3 1.7019 -1.1094 -9.6521 1.7069 -1.0155 -9.6861 0.1000 0.1000 0.5882 0.5882 0.1961 4.2405 2.0000 
231 232 3 1.7069 -1.0155 -9.6861 1.7080 -0.9231 -9.7243 0.1000 0.1000 0.5882 0.5882 0.1961 4.3440 2.0000 
232 233 3 1.7080 -0.9231 -9.7243 1.7133 -0.8332 -9.7679 0.1000 0.1000 0.5882 0.5882 0.1961 4.4485 2.0000 
233 234 3 1.7133 -0.8332 -9.7679 1.7181 -0.7421 -9.8088 0.1000 0.1000 0.5882 0.5882 0.1961 4.5541 2.0000 
234 235 3 1.7181 -0.7421 -9.8088 1.7181 -0.6544 -9.8569 0.1000 0.1000 0.5882 0.5882 0.1961 4.6608 2.0000 
235 236 3 1.7181 -0.6544 -9.8569 1.7204 -0.5646 -9.9009 0.1000 0.1000 0.5882 0.5882 0.1961 4.7686 2.0000 
236 237 3 1.7204 -0.5646 -9.9009 1.7236 -0.4752 -9.9456 0.1000 0.1000 0.5882 0.5882 0.1961 4.8775 2.0000 
237 238 3 1.7236 -0.4752 -9.9456 1.7265 -0.3859 -9.9904 0.1000 0.1000 0.5882 0.5882 0.1961 4.9875 2.0000 
238 239 3 1.7265 -0.3859 -9.9904 1.7267 -0.2969 -10.0360 0.1000 0.1000 0.5882 0.5882 0.1961 5.0988 2.0000 
239 240 3 1.7267 -0.2969 -10.0360 1.7303 -0.2079 -10.0815 0.1000 0.1000 0.5882 0.5882 0.1961 5.2113 2.0000 
240 241 3 1.7303 -0.2079 -10.0815 1.7417 -0.1214 -10.1304 0.1000 0.1000 0.5882 0.5882 0.1961 5.3249 2.0000 
241 242 3 1.7417 -0.1214 -10.1304 1.7508 -0.0340 -10.1782 0.1000 0.1000 0.5882 0.5882 0.1961 5.4399 2.0000 
242 243 3 1.7508 -0.0340 -10.1782 1.7596 0.0535 -10.2257 0.1000 0.1000 0.5882 0.5882 0.1961 5.5561 2.0000 
243 244 3 1.7596 0.0535 -10.2257 1.7667 0.1388 -10.2774 0.1000 0.1000 0.5882 0.5882 0.1961 5.6737 2.0000 
244 245 3 1.7667 0.1388 -10.2774 1.7717 0.2240 -10.3295 0.1000 0.1000 0.5882 0.5882 0.1961 5.7926 2.0000 
245 246 3 1.7717 0.2240 -10.3295 1.7743 0.3070 -10.3852 0.1000 0.1000 0.5882 0.5882 0.1961 5.9128 2.0000 
246 247 3 1.7743 0.3070 -10.3852 1.7733 0.3865 -10.4458 0.1000 0.1000 0.5882 0.5882 0.1961 6.0345 2.0000 
247 248 3 1.7733 0.3865 -10.4458 1.7722 0.4659 -10.5067 0.1000 0.1000 0.5882 0.5882 0.1961 6.1576 2.0000 
248 249 3 1.7722 0.4659 -10.5067 1.7724 0.5426 -10.5708 0.1000 0.1000 0.5882 0.5882 0.1961 6.2822 2.0000 
249 250 3 1.7724 0.5426 -10.5708 1.7656 0.6204 -10.6332 0.1000 0.1000 0.5882 0.5882 0.1961 6.4084 2.0000 
250 251 3 1.7656 0.6204 -10.6332 1.7605 0.7003 -10.6932 0.1000 0.1000 0.5882 0.5882 0.1961 6.5360 2.0000 
251 252 3 1.7605 0.7003 -10.6932 1.7519 0.7747 -10.7595 0.1000 0.1000 0.5882 0.5882 0.1961 6.6653 2.0000 
252 253 3 1.7519 0.7747 -10.7595 1.7430 0.8504 -10.8242 0.1000 0.1000 0.5882 0.5882 0.1961 6.7962 2.0000 
253 254 3 1.7430 0.8504 -10.8242 1.7348 0.9261 -10.8890 0.1000 0.1000 0.5882 0.5882 0.1961 6.9287 2.0000 
254 255 3 1.7348 0.9261 -10.8890 1.7260 1.0030 -10.9523 0.1000 0.1000 0.5882 0.5882 0.1961 7.0630 2.0000 
255 256 3 1.7260 1.0030 -10.9523 1.7123 1.0787 -11.0162 0.1000 0.1000 0.5882 0.5882 0.1961 7.1990 2.0000 
256 257 3 1.7123 1.0787 -11.0162 1.6955 1.1505 -11.0838 0.1000 0.1000 0.5882 0.5882 0.1961 7.3369 2.0000 
257 258 3 1.6955 1.1505 -11.0838 1.6743 1.2219 -11.1505 0.1000 0.1000 0.5882 0.5882 0.1961 7.4766 2.0000 
258 259 3 1.6743 1.2219 -11.1505 1.6536 1.2966 -11.2137 0.1000 0.1000 0.5882 0.5882 0.1961 7.6181 2.0000 
259 260 3 1.6536 1.2966 -11.2137 1.6347 1.3751 -11.2727 0.1000 0.1000 0.5882 0.5882 0.1961 7.7617 2.0000 
260 261 3 1.6347 1.3751 -11.2727 1.6147 1.4584 -11.3243 0.1000 0.1000 0.5882 0.5882 0.1961 7.9073 2.0000 
261 262 3 1.6147 1.4584 -11.3243 1.5843 1.5433 -11.3675 0.1000 0.1000 0.5882 0.5882 0.1961 8.0549 2.0000 
262 263 3 1.5843 1.5433 -11.3675 1.5525 1.6318 -11.4014 0.1000 0.1000 0.5882 0.5882 0.1961 8.2047 2.0000 
263 264 3 1.5525 1.6318 -11.4014 1.5025 1.7107 -11.4373 0.1000 0.1000 0.5882 0.5882 0.1961 8.3566 2.0000 
264 265 3 1.5025 1.7107 -11.4373 1.4501 1.7880 -11.4728 0.1000 0.1000 0.5882 0.5882 0.1961 8.5108 2.0000 
265 266 3 1.4501 1.7880 -11.4728 1.4013 1.8707 -11.5009 0.1000 0.1000 0.5882 0.5882 0.1961 8.6674 2.0000 
266 267 3 1.4013 1.8707 -11.5009 1.3578 1.9551 -11.5322 0.1000 0.1000 0.5882 0.5882 0.1961 8.8263 2.0000 
267 268 3 1.3578 1.9551 -11.5322 1.3129 2.0416 -11.5547 0.1000 0.1000 0.5882 0.5882 0.1961 8.9877 2.0000 
268 269 3 1.3129 2.0416 -11.5547 1.2651 2.1285 -11.5671 0.1000 0.1000 0.5882 0.5882 0.1961 9.1517 2.0000 
269 270 3 1.2651 2.1285 -11.5671 1.2152 2.2128 -11.5876 0.1000 0.1000 0.5882 0.5882 0.1961 9.3183 2.0000 
270 271 3 1.2152 2.2128 -11.5876 1.1646 2.2971 -11.6059 0.1000 0.1000 0.5882 0.5882 0.1961 9.4876 2.0000 
271 272 3 1.1646 2.2971 -11.6059 1.1061 2.3763 -11.6230 0.1000 0.1000 0.5882 0.5882 0.1961 9.6597 2.0000 
272 273 3 1.1061 2.3763 -11.6230 1.0480 2.4570 -11.6339 0.1000 0.1000 0.5882 0.5882 0.1961 9.8347 2.0000 
273 274 3 1.0480 2.4570 -11.6339 0.9914 2.5295 -11.6468 0.1000 0.0929 0.5882 0.5882 0.1961 10.0000 2.0000 
274 275 4 1.3564 -1.4341 -13.1895 1.2785 -1.3787 -13.2189 0.1000 0.1000 0.5882 0.5882 0.1961 5.7352 2.0000 
275 276 4 1.2785 -1.3787 -13.2189 1.2022 -1.3217 -13.2494 0.1000 0.1000 0.5882 0.5882 0.1961 5.8367 2.0000 
276 277 4 1.2022 -1.3217 -13.2494 1.1263 -1.2642 -13.2801 0.1000 0.1000 0.5882 0.5882 0.1961 5.9391 2.0000 
277 278 4 1.1263 -1.2642 -13.2801 1.0510 -1.2058 -13.3102 0.1000 0.1000 0.5882 0.5882 0.1961 6.0426 2.0000 
278 279 4 1.0510 -1.2058 -13.3102 0.9770 -1.1454 -13.3400 0.1000 0.1000 0.5882 0.5882 0.1961 6.1472 2.0000 
279 280 4 0.9770 -1.1454 -13.3400 0.9027 -1.0870 -13.3726 0.1000 0.1000 0.5882 0.5882 0.1961 6.2528 2.0000 
280 281 4 0.9027 -1.0870 -13.3726 0.8229 -1.0306 -13.3938 0.1000 0.1000 0.5882 0.5882 0.1961 6.3594 2.0000 
281 282 4 0.8229 -1.0306 -13.3938 0.7417 -0.9758 -13.4142 0.1000 0.1000 0.5882 0.5882 0.1961 6.4672 2.0000 
282 283 4 0.7417 -0.9758 -13.4142 0.6627 -0.9190 -13.4369 0.1000 0.1000 0.5882 0.5882 0.1961 6.5761 2.0000 
283 284 4 0.6627 -0.9190 -13.4369 0.5882 -0.8566 -13.4607 0.1000 0.1000 0.5882 0.5882 0.1961 6.6862 2.0000 
284 285 4 0.5882 -0.8566 -13.4607 0.5146 -0.7937 -13.4856 0.1000 0.1000 0.5882 0.5882 0.1961 6.7975 2.0000 
285 286 4 0.5146 -0.7937 -13.4856 0.4442 -0.7278 -13.5121 0.1000 0.1000 0.5882 0.5882 0.1961 6.9099 2.0000 
286 287 4 0.4442 -0.7278 -13.5121 0.3776 -0.6582 -13.5387 0.1000 0.1000 0.5882 0.5882 0.1961 7.0236 2.0000 
287 288 4 0.3776 -0.6582 -13.5387 0.3101 -0.5891 -13.5648 0.1000 0.1000 0.5882 0.5882 0.1961 7.1385 2.0000 
288 289 4 0.3101 -0.5891 -13.5648 0.2442 -0.5194 -13.5931 0.1000 0.1000 0.5882 0.5882 0.1961 7.2548 2.0000 
289 290 4 0.2442 -0.5194 -13.5931 0.1767 -0.4509 -13.6205 0.1000 0.1000 0.5882 0.5882 0.1961 7.3723 2.0000 
290 291 4 0.1767 -0.4509 -13.6205 0.1094 -0.3826 -13.6489 0.1000 0.1000 0.5882 0.5882 0.1961 7.4912 2.0000 
291 292 4 0.1094 -0.3826 -13.6489 0.0454 -0.3137 -13.6827 0.1000 0.1000 0.5882 0.5882 0.1961 7.6115 2.0000 
292 293 4 0.0454 -0.3137 -13.6827 -0.0181 -0.2451 -13.7184 0.1000 0.1000 0.5882 0.5882 0.1961 7.7332 2.0000 
293 294 4 -0.0181 -0.2451 -13.7184 -0.0822 -0.1780 -13.7557 0.1000 0.1000 0.5882 0.5882 0.1961 7.8563 2.0000 
294 295 4 -0.0822 -0.1780 -13.7557 -0.1465 -0.1111 -13.7931 0.1000 0.1000 0.5882 0.5882 0.1961 7.9809 2.0000 
295 296 4 -0.1465 -0.1111 -13.7931 -0.2067 -0.0417 -13.8325 0.1000 0.1000 0.5882 0.5882 0.1961 8.1070 2.0000 
296 297 4 -0.2067 -0.0417 -13.8325 -0.2662 0.0288 -13.8711 0.1000 0.1000 0.5882 0.5882 0.1961 8.2347 2.0000 
297 298 4 -0.2662 0.0288 -13.8711 -0.3258 0.0995 -13.9091 0.1000 0.1000 0.5882 0.5882 0.1961 8.3639 2.0000 
298 299 4 -0.3258 0.0995 -13.9091 -0.3717 0.1724 -13.9599 0.1000 0.1000 0.5882 0.5882 0.1961 8.4948 2.0000 
299 300 4 -0.3717 0.1724 -13.9599 -0.4201 0.2414 -14.0136 0.1000 0.1000 0.5882 0.5882 0.1961 8.6274 2.0000 
300 301 4 -0.4201 0.2414 -14.0136 -0.4743 0.3084 -14.0644 0.1000 0.1000 0.5882 0.5882 0.1961 8.7617 2.0000 
301 302 4 -0.4743 0.3084 -14.0644 -0.5293 0.3742 -14.1160 0.1000 0.1000 0.5882 0.5882 0.1961 8.8977 2.0000 
302 303 4 -0.5293 0.3742 -14.1160 -0.5843 0.4415 -14.1653 0.1000 0.1000 0.5882 0.5882 0.1961 9.0355 2.0000 
303 304 4 -0.5843 0.4415 -14.1653 -0.6468 0.5010 -14.2159 0.1000 0.1000 0.5882 0.5882 0.1961 9.1752 2.0000 
304 305 4 -0.6468 0.5010 -14.2159 -0.7095 0.5624 -14.2638 0.1000 0.1000 0.5882 0.5882 0.1961 9.3168 2.0000 
305 306 4 -0.7095 0.5624 -14.2638 -0.7700 0.6231 -14.3153 0.1000 0.1000 0.5882 0.5882 0.1961 9.4604 2.0000 
306 307 4 -0.7700 0.6231 -14.3153 -0.8340 0.6876 -14.3571 0.1000 0.1000 0.5882 0.5882 0.1961 9.6059 2.0000 
307 308 4 -0.8340 0.6876 -14.3571 -0.8964 0.7537 -14.3987 0.1000 0.1000 0.5882 0.5882 0.1961 9.7536 2.0000 
308 309 4 -0.8964 0.7537 -14.3987 -0.9570 0.8204 -14.4422 0.1000 0.1000 0.5882 0.5882 0.1961 9.9033 2.0000 
309 310 4 -0.9570 0.8204 -14.4422 -0.9940 0.8611 -14.4744 0.1000 0.0638 0.5882 0.5882 0.1961 10.0000 2.0000 
310 311 5 1.2284 -1.2042 -16.8139 1.1665 -1.2726 -16.8525 0.1000 0.1000 0.5882 0.5882 0.1961 7.6341 2.0000 
311 312 5 1.1665 -1.2726 -16.8525 1.1006 -1.3390 -16.8878 0.1000 0.1000 0.5882 0.5882 0.1961 7.7356 2.0000 
312 313 5 1.1006 -1.3390 -16.8878 1.0349 -1.4057 -16.9230 0.1000 0.1000 0.5882 0.5882 0.1961 7.8381 2.0000 
313 314 5 1.0349 -1.4057 -16.9230 0.9640 -1.4689 -16.9542 0.1000 0.1000 0.5882 0.5882 0.1961 7.9416 2.0000 
314 315 5 0.9640 -1.4689 -16.9542 0.8932 -1.5276 -16.9934 0.1000 0.1000 0.5882 0.5882 0.1961 8.0461 2.0000 
315 316 5 0.8932 -1.5276 -16.9934 0.8208 -1.5874 -17.0279 0.1000 0.1000 0.5882 0.5882 0.1961 8.1517 2.0000 
316 317 5 0.8208 -1.5874 -17.0279 0.7455 -1.6417 -17.0650 0.1000 0.1000 0.5882 0.5882 0.1961 8.2584 2.0000 
317 318 5 0.7455 -1.6417 -17.0650 0.6766 -1.7020 -17.1053 0.1000 0.1000 0.5882 0.5882 0.1961 8.3662 2.0000 
318 319 5 0.6766 -1.7020 -17.1053 0.6122 -1.7661 -17.1469 0.1000 0.1000 0.5882 0.5882 0.1961 8.4751 2.0000 
319 320 5 0.6122 -1.7661 -17.1469 0.5469 -1.8285 -17.1899 0.1000 0.1000 0.5882 0.5882 0.1961 8.5852 2.0000 
320 321 5 0.5469 -1.8285 -17.1899 0.4829 -1.8891 -17.2371 0.1000 0.1000 0.5882 0.5882 0.1961 8.6964 2.0000 
321 322 5 0.4829 -1.8891 -17.2371 0.4193 -1.9490 -17.2858 0.1000 0.1000 0.5882 0.5882 0.1961 8.8089 2.0000 
322 323 5 0.4193 -1.9490 -17.2858 0.3568 -2.0062 -17.3390 0.1000 0.1000 0.5882 0.5882 0.1961 8.9225 2.0000 
323 324 5 0.3568 -2.0062 -17.3390 0.2925 -2.0561 -17.3970 0.1000 0.1000 0.5882 0.5882 0.1961 9.0375 2.0000 
324 325 5 0.2925 -2.0561 -17.3970 0.2302 -2.1062 -17.4571 0.1000 0.1000 0.5882 0.5882 0.1961 9.1537 2.0000 
325 326 5 0.2302 -2.1062 -17.4571 0.1718 -2.1585 -17.5192 0.1000 0.1000 0.5882 0.5882 0.1961 9.2713 2.0000 
326 327 5 0.1718 -2.1585 -17.5192 0.1137 -2.2110 -17.5814 0.1000 0.1000 0.5882 0.5882 0.1961 9.3902 2.0000 
327 328 5 0.1137 -2.2110 -17.5814 0.0577 -2.2645 -17.6446 0.1000 0.1000 0.5882 0.5882 0.1961 9.5104 2.0000 
328 329 5 0.0577 -2.2645 -17.6446 0.0058 -2.3222 -17.7077 0.1000 0.1000 0.5882 0.5882 0.1961 9.6321 2.0000 
329 330 5 0.0058 -2.3222 -17.7077 -0.0500 -2.3790 -17.7681 0.1000 0.1000 0.5882 0.5882 0.1961 9.7552 2.0000 
330 331 5 -0.0500 -2.3790 -17.7681 -0.1116 -2.4375 -17.8209 0.1000 0.1000 0.5882 0.5882 0.1961 9.8799 2.0000 
331 332 5 -0.1116 -2.4375 -17.8209 -0.1697 -2.4935 -17.8715 0.1000 0.0953 0.5882 0.5882 0.1961 10.0000 2.0000 
332 333 6 1.1663 -1.0911 -20.4328 1.2103 -1.0039 -20.4542 0.1000 0.1000 0.5882 0.5882 0.1961 9.7870 2.0000 
333 334 6 1.2103 -1.0039 -20.4542 1.2525 -0.9170 -20.4802 0.1000 0.1000 0.5882 0.5882 0.1961 9.8885 2.0000 
334 335 6 1.2525 -0.9170 -20.4802 1.2867 -0.8275 -20.5086 0.1000 0.1000 0.5882 0.5882 0.1961 9.9909 2.0000 
335 336 6 1.2867 -0.8275 -20.5086 1.2897 -0.8195 -20.5108 0.1000 0.0088 0.5882 0.5882 0.1961 10.0000 2.0000 
