node1ID node2ID branchID x1 y1 z1 x2 y2 z2 radius length R G B time type 
0 1 0 0.0000 0.0000 -3.0000 0.0870 -0.1705 -3.0579 0.0723 0.2000 0.0000 0.0000 205.0000 0.0695 1.0000 
1 2 0 0.0870 -0.1705 -3.0579 0.1961 -0.3083 -3.1533 0.0723 0.2000 0.0000 0.0000 205.0000 0.1394 1.0000 
2 3 0 0.1961 -0.3083 -3.1533 0.2186 -0.3374 -3.1731 0.0723 0.0417 0.0000 0.0000 205.0000 0.1540 1.0000 
3 4 0 0.2186 -0.3374 -3.1731 0.3395 -0.4665 -3.2663 0.0723 0.2000 0.0000 0.0000 205.0000 0.2242 1.0000 
4 5 0 0.3395 -0.4665 -3.2663 0.4600 -0.5929 -3.3638 0.0723 0.2000 0.0000 0.0000 205.0000 0.2947 1.0000 
5 6 0 0.4600 -0.5929 -3.3638 0.5790 -0.7228 -3.4585 0.0723 0.2000 0.0000 0.0000 205.0000 0.3655 1.0000 
6 7 0 0.5790 -0.7228 -3.4585 0.6802 -0.8359 -3.5887 0.0723 0.2000 0.0000 0.0000 205.0000 0.4367 1.0000 
7 8 0 0.6802 -0.8359 -3.5887 0.8018 -0.9212 -3.7227 0.0723 0.2000 0.0000 0.0000 205.0000 0.5082 1.0000 
8 9 0 0.8018 -0.9212 -3.7227 0.9352 -0.9949 -3.8522 0.0723 0.2000 0.0000 0.0000 205.0000 0.5799 1.0000 
9 10 0 0.9352 -0.9949 -3.8522 1.0640 -1.0698 -3.9856 0.0723 0.2000 0.0000 0.0000 205.0000 0.6520 1.0000 
10 11 0 1.0640 -1.0698 -3.9856 1.1847 -1.1400 -4.1287 0.0723 0.2000 0.0000 0.0000 205.0000 0.7244 1.0000 
11 12 0 1.1847 -1.1400 -4.1287 1.2994 -1.1780 -4.2881 0.0723 0.2000 0.0000 0.0000 205.0000 0.7972 1.0000 
12 13 0 1.2994 -1.1780 -4.2881 1.4106 -1.1958 -4.4534 0.0723 0.2000 0.0000 0.0000 205.0000 0.8703 1.0000 
13 14 0 1.4106 -1.1958 -4.4534 1.5147 -1.1923 -4.6241 0.0723 0.2000 0.0000 0.0000 205.0000 0.9437 1.0000 
14 15 0 1.5147 -1.1923 -4.6241 1.6120 -1.2133 -4.7976 0.0723 0.2000 0.0000 0.0000 205.0000 1.0174 1.0000 
15 16 0 1.6120 -1.2133 -4.7976 1.7088 -1.2377 -4.9709 0.0723 0.2000 0.0000 0.0000 205.0000 1.0915 1.0000 
16 17 0 1.7088 -1.2377 -4.9709 1.7698 -1.2267 -5.1611 0.0723 0.2000 0.0000 0.0000 205.0000 1.1659 1.0000 
17 18 0 1.7698 -1.2267 -5.1611 1.8333 -1.2273 -5.3507 0.0723 0.2000 0.0000 0.0000 205.0000 1.2407 1.0000 
18 19 0 1.8333 -1.2273 -5.3507 1.8907 -1.2331 -5.5422 0.0723 0.2000 0.0000 0.0000 205.0000 1.3158 1.0000 
19 20 0 1.8907 -1.2331 -5.5422 1.9239 -1.2369 -5.7394 0.0723 0.2000 0.0000 0.0000 205.0000 1.3913 1.0000 
20 21 0 1.9239 -1.2369 -5.7394 1.9378 -1.2441 -5.9388 0.0723 0.2000 0.0000 0.0000 205.0000 1.4671 1.0000 
21 22 0 1.9378 -1.2441 -5.9388 1.9430 -1.2451 -5.9784 0.0723 0.0400 0.0000 0.0000 205.0000 1.4824 1.0000 
22 23 0 1.9430 -1.2451 -5.9784 1.9687 -1.2510 -6.1767 0.0723 0.2000 0.0000 0.0000 205.0000 1.5586 1.0000 
23 24 0 1.9687 -1.2510 -6.1767 1.9486 -1.2316 -6.3747 0.0723 0.2000 0.0000 0.0000 205.0000 1.6352 1.0000 
24 25 0 1.9486 -1.2316 -6.3747 1.9254 -1.2302 -6.5734 0.0723 0.2000 0.0000 0.0000 205.0000 1.7122 1.0000 
25 26 0 1.9254 -1.2302 -6.5734 1.9104 -1.2349 -6.7727 0.0723 0.2000 0.0000 0.0000 205.0000 1.7896 1.0000 
26 27 0 1.9104 -1.2349 -6.7727 1.8891 -1.2239 -6.9713 0.0723 0.2000 0.0000 0.0000 205.0000 1.8673 1.0000 
27 28 0 1.8891 -1.2239 -6.9713 1.8710 -1.2126 -7.1701 0.0723 0.2000 0.0000 0.0000 205.0000 1.9454 1.0000 
28 29 0 1.8710 -1.2126 -7.1701 1.8354 -1.2412 -7.3648 0.0723 0.2000 0.0000 0.0000 205.0000 2.0239 1.0000 
29 30 0 1.8354 -1.2412 -7.3648 1.7988 -1.2515 -7.5612 0.0723 0.2000 0.0000 0.0000 205.0000 2.1028 1.0000 
30 31 0 1.7988 -1.2515 -7.5612 1.7643 -1.2674 -7.7576 0.0723 0.2000 0.0000 0.0000 205.0000 2.1820 1.0000 
31 32 0 1.7643 -1.2674 -7.7576 1.7374 -1.2753 -7.9556 0.0723 0.2000 0.0000 0.0000 205.0000 2.2617 1.0000 
32 33 0 1.7374 -1.2753 -7.9556 1.7128 -1.2822 -8.1539 0.0723 0.2000 0.0000 0.0000 205.0000 2.3417 1.0000 
33 34 0 1.7128 -1.2822 -8.1539 1.7142 -1.2873 -8.3539 0.0723 0.2000 0.0000 0.0000 205.0000 2.4222 1.0000 
34 35 0 1.7142 -1.2873 -8.3539 1.7125 -1.2992 -8.5535 0.0723 0.2000 0.0000 0.0000 205.0000 2.5030 1.0000 
35 36 0 1.7125 -1.2992 -8.5535 1.7281 -1.3164 -8.7522 0.0723 0.2000 0.0000 0.0000 205.0000 2.5843 1.0000 
36 37 0 1.7281 -1.3164 -8.7522 1.7318 -1.3197 -8.9521 0.0723 0.2000 0.0000 0.0000 205.0000 2.6659 1.0000 
37 38 0 1.7318 -1.3197 -8.9521 1.7355 -1.3205 -9.1521 0.0723 0.2000 0.0000 0.0000 205.0000 2.7480 1.0000 
38 39 0 1.7355 -1.3205 -9.1521 1.7321 -1.3084 -9.3517 0.0723 0.2000 0.0000 0.0000 205.0000 2.8305 1.0000 
39 40 0 1.7321 -1.3084 -9.3517 1.6980 -1.3008 -9.5486 0.0723 0.2000 0.0000 0.0000 205.0000 2.9134 1.0000 
40 41 0 1.6980 -1.3008 -9.5486 1.6918 -1.2985 -9.5880 0.0723 0.0400 0.0000 0.0000 205.0000 2.9301 1.0000 
41 42 0 1.6918 -1.2985 -9.5880 1.6671 -1.3253 -9.7847 0.0723 0.2000 0.0000 0.0000 205.0000 3.0135 1.0000 
42 43 0 1.6671 -1.3253 -9.7847 1.6189 -1.3443 -9.9779 0.0723 0.2000 0.0000 0.0000 205.0000 3.0974 1.0000 
43 44 0 1.6189 -1.3443 -9.9779 1.5821 -1.3635 -10.1735 0.0723 0.2000 0.0000 0.0000 205.0000 3.1817 1.0000 
44 45 0 1.5821 -1.3635 -10.1735 1.5392 -1.3801 -10.3682 0.0723 0.2000 0.0000 0.0000 205.0000 3.2665 1.0000 
45 46 0 1.5392 -1.3801 -10.3682 1.4938 -1.4022 -10.5617 0.0723 0.2000 0.0000 0.0000 205.0000 3.3517 1.0000 
46 47 0 1.4938 -1.4022 -10.5617 1.4488 -1.4242 -10.7553 0.0723 0.2000 0.0000 0.0000 205.0000 3.4373 1.0000 
47 48 0 1.4488 -1.4242 -10.7553 1.4309 -1.4320 -10.9543 0.0723 0.2000 0.0000 0.0000 205.0000 3.5234 1.0000 
48 49 0 1.4309 -1.4320 -10.9543 1.4146 -1.4415 -11.1535 0.0723 0.2000 0.0000 0.0000 205.0000 3.6100 1.0000 
49 50 0 1.4146 -1.4415 -11.1535 1.4009 -1.4483 -11.3529 0.0723 0.2000 0.0000 0.0000 205.0000 3.6971 1.0000 
50 51 0 1.4009 -1.4483 -11.3529 1.4019 -1.4468 -11.5529 0.0723 0.2000 0.0000 0.0000 205.0000 3.7846 1.0000 
51 52 0 1.4019 -1.4468 -11.5529 1.3993 -1.4427 -11.7528 0.0723 0.2000 0.0000 0.0000 205.0000 3.8726 1.0000 
52 53 0 1.3993 -1.4427 -11.7528 1.4020 -1.4460 -11.9528 0.0723 0.2000 0.0000 0.0000 205.0000 3.9611 1.0000 
53 54 0 1.4020 -1.4460 -11.9528 1.4036 -1.4511 -12.1527 0.0723 0.2000 0.0000 0.0000 205.0000 4.0500 1.0000 
54 55 0 1.4036 -1.4511 -12.1527 1.3922 -1.4674 -12.3517 0.0723 0.2000 0.0000 0.0000 205.0000 4.1395 1.0000 
55 56 0 1.3922 -1.4674 -12.3517 1.3867 -1.4531 -12.5511 0.0723 0.2000 0.0000 0.0000 205.0000 4.2295 1.0000 
56 57 0 1.3867 -1.4531 -12.5511 1.3793 -1.4404 -12.7506 0.0723 0.2000 0.0000 0.0000 205.0000 4.3199 1.0000 
57 58 0 1.3793 -1.4404 -12.7506 1.3723 -1.4304 -12.9502 0.0723 0.2000 0.0000 0.0000 205.0000 4.4109 1.0000 
58 59 0 1.3723 -1.4304 -12.9502 1.3580 -1.4357 -13.1496 0.0723 0.2000 0.0000 0.0000 205.0000 4.5024 1.0000 
59 60 0 1.3580 -1.4357 -13.1496 1.3564 -1.4341 -13.1895 0.0723 0.0400 0.0000 0.0000 205.0000 4.5207 1.0000 
60 61 0 1.3564 -1.4341 -13.1895 1.3544 -1.4300 -13.3895 0.0723 0.2000 0.0000 0.0000 205.0000 4.6129 1.0000 
61 62 0 1.3544 -1.4300 -13.3895 1.3575 -1.4229 -13.5893 0.0723 0.2000 0.0000 0.0000 205.0000 4.7055 1.0000 
62 63 0 1.3575 -1.4229 -13.5893 1.3508 -1.3931 -13.7870 0.0723 0.2000 0.0000 0.0000 205.0000 4.7987 1.0000 
63 64 0 1.3508 -1.3931 -13.7870 1.3283 -1.3774 -13.9851 0.0723 0.2000 0.0000 0.0000 205.0000 4.8924 1.0000 
64 65 0 1.3283 -1.3774 -13.9851 1.3153 -1.3661 -14.1844 0.0723 0.2000 0.0000 0.0000 205.0000 4.9867 1.0000 
65 66 0 1.3153 -1.3661 -14.1844 1.3029 -1.3378 -14.3820 0.0723 0.2000 0.0000 0.0000 205.0000 5.0815 1.0000 
66 67 0 1.3029 -1.3378 -14.3820 1.2891 -1.3171 -14.5804 0.0723 0.2000 0.0000 0.0000 205.0000 5.1769 1.0000 
67 68 0 1.2891 -1.3171 -14.5804 1.2698 -1.3041 -14.7790 0.0723 0.2000 0.0000 0.0000 205.0000 5.2729 1.0000 
68 69 0 1.2698 -1.3041 -14.7790 1.2649 -1.2824 -14.9778 0.0723 0.2000 0.0000 0.0000 205.0000 5.3694 1.0000 
69 70 0 1.2649 -1.2824 -14.9778 1.2438 -1.2750 -15.1766 0.0723 0.2000 0.0000 0.0000 205.0000 5.4665 1.0000 
70 71 0 1.2438 -1.2750 -15.1766 1.2437 -1.2740 -15.3765 0.0723 0.2000 0.0000 0.0000 205.0000 5.5642 1.0000 
71 72 0 1.2437 -1.2740 -15.3765 1.2456 -1.2726 -15.5765 0.0723 0.2000 0.0000 0.0000 205.0000 5.6625 1.0000 
72 73 0 1.2456 -1.2726 -15.5765 1.2443 -1.2670 -15.7765 0.0723 0.2000 0.0000 0.0000 205.0000 5.7614 1.0000 
73 74 0 1.2443 -1.2670 -15.7765 1.2435 -1.2614 -15.9764 0.0723 0.2000 0.0000 0.0000 205.0000 5.8609 1.0000 
74 75 0 1.2435 -1.2614 -15.9764 1.2445 -1.2561 -16.1763 0.0723 0.2000 0.0000 0.0000 205.0000 5.9610 1.0000 
75 76 0 1.2445 -1.2561 -16.1763 1.2404 -1.2417 -16.3757 0.0723 0.2000 0.0000 0.0000 205.0000 6.0618 1.0000 
76 77 0 1.2404 -1.2417 -16.3757 1.2331 -1.2228 -16.5747 0.0723 0.2000 0.0000 0.0000 205.0000 6.1632 1.0000 
77 78 0 1.2331 -1.2228 -16.5747 1.2300 -1.2050 -16.7739 0.0723 0.2000 0.0000 0.0000 205.0000 6.2652 1.0000 
78 79 0 1.2300 -1.2050 -16.7739 1.2284 -1.2042 -16.8139 0.0723 0.0400 0.0000 0.0000 205.0000 6.2857 1.0000 
79 80 0 1.2284 -1.2042 -16.8139 1.2270 -1.1810 -17.0125 0.0723 0.2000 0.0000 0.0000 205.0000 6.3885 1.0000 
80 81 0 1.2270 -1.1810 -17.0125 1.2145 -1.1628 -17.2113 0.0723 0.2000 0.0000 0.0000 205.0000 6.4920 1.0000 
81 82 0 1.2145 -1.1628 -17.2113 1.1972 -1.1229 -17.4065 0.0723 0.2000 0.0000 0.0000 205.0000 6.5961 1.0000 
82 83 0 1.1972 -1.1229 -17.4065 1.1811 -1.0995 -17.6045 0.0723 0.2000 0.0000 0.0000 205.0000 6.7009 1.0000 
83 84 0 1.1811 -1.0995 -17.6045 1.2087 -1.0890 -17.8023 0.0723 0.2000 0.0000 0.0000 205.0000 6.8064 1.0000 
84 85 0 1.2087 -1.0890 -17.8023 1.2283 -1.0920 -18.0013 0.0723 0.2000 0.0000 0.0000 205.0000 6.9126 1.0000 
85 86 0 1.2283 -1.0920 -18.0013 1.2351 -1.1004 -18.2010 0.0723 0.2000 0.0000 0.0000 205.0000 7.0195 1.0000 
86 87 0 1.2351 -1.1004 -18.2010 1.2243 -1.1167 -18.4000 0.0723 0.2000 0.0000 0.0000 205.0000 7.1271 1.0000 
87 88 0 1.2243 -1.1167 -18.4000 1.2236 -1.1086 -18.5999 0.0723 0.2000 0.0000 0.0000 205.0000 7.2355 1.0000 
88 89 0 1.2236 -1.1086 -18.5999 1.2106 -1.0906 -18.7986 0.0723 0.2000 0.0000 0.0000 205.0000 7.3445 1.0000 
89 90 0 1.2106 -1.0906 -18.7986 1.1979 -1.1032 -18.9978 0.0723 0.2000 0.0000 0.0000 205.0000 7.4544 1.0000 
90 91 0 1.1979 -1.1032 -18.9978 1.1912 -1.1218 -19.1968 0.0723 0.2000 0.0000 0.0000 205.0000 7.5649 1.0000 
91 92 0 1.1912 -1.1218 -19.1968 1.1864 -1.1392 -19.3960 0.0723 0.2000 0.0000 0.0000 205.0000 7.6763 1.0000 
92 93 0 1.1864 -1.1392 -19.3960 1.1825 -1.1451 -19.5959 0.0723 0.2000 0.0000 0.0000 205.0000 7.7884 1.0000 
93 94 0 1.1825 -1.1451 -19.5959 1.1801 -1.1367 -19.7957 0.0723 0.2000 0.0000 0.0000 205.0000 7.9012 1.0000 
94 95 0 1.1801 -1.1367 -19.7957 1.1840 -1.1223 -19.9951 0.0723 0.2000 0.0000 0.0000 205.0000 8.0149 1.0000 
95 96 0 1.1840 -1.1223 -19.9951 1.1796 -1.1211 -20.1951 0.0723 0.2000 0.0000 0.0000 205.0000 8.1294 1.0000 
96 97 0 1.1796 -1.1211 -20.1951 1.1678 -1.0977 -20.3934 0.0723 0.2000 0.0000 0.0000 205.0000 8.2447 1.0000 
97 98 0 1.1678 -1.0977 -20.3934 1.1663 -1.0911 -20.4328 0.0723 0.0400 0.0000 0.0000 205.0000 8.2679 1.0000 
98 99 0 1.1663 -1.0911 -20.4328 1.1317 -1.0647 -20.6280 0.0723 0.2000 0.0000 0.0000 205.0000 8.3842 1.0000 
99 100 0 1.1317 -1.0647 -20.6280 1.1026 -1.0299 -20.8228 0.0723 0.2000 0.0000 0.0000 205.0000 8.5014 1.0000 
100 101 0 1.1026 -1.0299 -20.8228 1.0755 -0.9946 -21.0178 0.0723 0.2000 0.0000 0.0000 205.0000 8.6194 1.0000 
101 102 0 1.0755 -0.9946 -21.0178 1.0488 -0.9590 -21.2128 0.0723 0.2000 0.0000 0.0000 205.0000 8.7382 1.0000 
102 103 0 1.0488 -0.9590 -21.2128 1.0520 -0.9433 -21.4121 0.0723 0.2000 0.0000 0.0000 205.0000 8.8580 1.0000 
103 104 0 1.0520 -0.9433 -21.4121 1.0459 -0.9018 -21.6077 0.0723 0.2000 0.0000 0.0000 205.0000 8.9787 1.0000 
104 105 0 1.0459 -0.9018 -21.6077 1.0282 -0.8620 -21.8029 0.0723 0.2000 0.0000 0.0000 205.0000 9.1002 1.0000 
105 106 0 1.0282 -0.8620 -21.8029 1.0264 -0.8281 -22.0000 0.0723 0.2000 0.0000 0.0000 205.0000 9.2227 1.0000 
106 107 0 1.0264 -0.8281 -22.0000 1.0075 -0.8036 -22.1976 0.0723 0.2000 0.0000 0.0000 205.0000 9.3462 1.0000 
107 108 0 1.0075 -0.8036 -22.1976 0.9876 -0.7674 -22.3933 0.0723 0.2000 0.0000 0.0000 205.0000 9.4706 1.0000 
108 109 0 0.9876 -0.7674 -22.3933 0.9849 -0.7458 -22.5921 0.0723 0.2000 0.0000 0.0000 205.0000 9.5959 1.0000 
109 110 0 0.9849 -0.7458 -22.5921 0.9768 -0.7342 -22.7916 0.0723 0.2000 0.0000 0.0000 205.0000 9.7222 1.0000 
110 111 0 0.9768 -0.7342 -22.7916 0.9705 -0.7240 -22.9912 0.0723 0.2000 0.0000 0.0000 205.0000 9.8496 1.0000 
111 112 0 0.9705 -0.7240 -22.9912 0.9631 -0.7135 -23.1908 0.0723 0.2000 0.0000 0.0000 205.0000 9.9779 1.0000 
112 113 0 0.9631 -0.7135 -23.1908 0.9735 -0.7145 -23.3904 0.0723 0.1999 0.0000 0.0000 205.0000 10.1073 1.0000 
113 114 0 0.9735 -0.7145 -23.3904 0.9690 -0.6945 -23.5893 0.0723 0.2000 0.0000 0.0000 205.0000 10.2377 1.0000 
114 115 0 0.9690 -0.6945 -23.5893 0.9382 -0.6768 -23.7862 0.0723 0.2000 0.0000 0.0000 205.0000 10.3692 1.0000 
115 116 0 0.9382 -0.6768 -23.7862 0.9099 -0.6616 -23.9836 0.0723 0.2000 0.0000 0.0000 205.0000 10.5018 1.0000 
116 117 0 0.9099 -0.6616 -23.9836 0.9042 -0.6586 -24.0230 0.0723 0.0400 0.0000 0.0000 205.0000 10.5284 1.0000 
117 118 0 0.9042 -0.6586 -24.0230 0.8505 -0.6224 -24.2123 0.0723 0.2000 0.0000 0.0000 205.0000 10.6623 1.0000 
118 119 0 0.8505 -0.6224 -24.2123 0.8059 -0.5872 -24.4040 0.0723 0.2000 0.0000 0.0000 205.0000 10.7973 1.0000 
119 120 0 0.8059 -0.5872 -24.4040 0.7969 -0.5562 -24.6014 0.0723 0.2000 0.0000 0.0000 205.0000 10.9335 1.0000 
120 121 0 0.7969 -0.5562 -24.6014 0.7958 -0.5298 -24.7996 0.0723 0.2000 0.0000 0.0000 205.0000 11.0708 1.0000 
121 122 0 0.7958 -0.5298 -24.7996 0.7822 -0.5271 -24.9992 0.0723 0.2000 0.0000 0.0000 205.0000 11.2093 1.0000 
122 123 0 0.7822 -0.5271 -24.9992 0.7641 -0.5155 -25.1980 0.0723 0.2000 0.0000 0.0000 205.0000 11.3489 1.0000 
123 124 0 0.7641 -0.5155 -25.1980 0.7244 -0.4988 -25.3933 0.0723 0.2000 0.0000 0.0000 205.0000 11.4899 1.0000 
124 125 0 0.7244 -0.4988 -25.3933 0.6874 -0.4849 -25.5894 0.0723 0.2000 0.0000 0.0000 205.0000 11.6320 1.0000 
125 126 0 0.6874 -0.4849 -25.5894 0.6776 -0.4923 -25.7890 0.0723 0.2000 0.0000 0.0000 205.0000 11.7754 1.0000 
126 127 0 0.6776 -0.4923 -25.7890 0.6676 -0.4995 -25.9886 0.0723 0.2000 0.0000 0.0000 205.0000 11.9201 1.0000 
127 128 0 0.6676 -0.4995 -25.9886 0.6621 -0.4956 -26.1885 0.0723 0.2000 0.0000 0.0000 205.0000 12.0661 1.0000 
128 129 0 0.6621 -0.4956 -26.1885 0.6572 -0.4880 -26.3883 0.0723 0.2000 0.0000 0.0000 205.0000 12.2135 1.0000 
129 130 0 0.6572 -0.4880 -26.3883 0.6546 -0.4827 -26.5882 0.0723 0.2000 0.0000 0.0000 205.0000 12.3622 1.0000 
130 131 0 0.6546 -0.4827 -26.5882 0.6383 -0.4941 -26.7872 0.0723 0.2000 0.0000 0.0000 205.0000 12.5123 1.0000 
131 132 0 0.6383 -0.4941 -26.7872 0.6274 -0.4854 -26.9867 0.0723 0.2000 0.0000 0.0000 205.0000 12.6638 1.0000 
132 133 0 0.6274 -0.4854 -26.9867 0.6173 -0.4451 -27.1824 0.0723 0.2000 0.0000 0.0000 205.0000 12.8167 1.0000 
133 134 0 0.6173 -0.4451 -27.1824 0.5704 -0.4419 -27.3768 0.0723 0.2000 0.0000 0.0000 205.0000 12.9711 1.0000 
134 135 0 0.5704 -0.4419 -27.3768 0.5275 -0.4463 -27.5721 0.0723 0.2000 0.0000 0.0000 205.0000 13.1270 1.0000 
135 136 0 0.5275 -0.4463 -27.5721 0.5205 -0.4436 -27.6114 0.0723 0.0400 0.0000 0.0000 205.0000 13.1584 1.0000 
136 137 0 0.5205 -0.4436 -27.6114 0.4841 -0.4277 -27.8074 0.0723 0.2000 0.0000 0.0000 205.0000 13.3161 1.0000 
137 138 0 0.4841 -0.4277 -27.8074 0.4675 -0.3978 -28.0044 0.0723 0.2000 0.0000 0.0000 205.0000 13.4754 1.0000 
138 139 0 0.4675 -0.3978 -28.0044 0.4730 -0.3673 -28.2020 0.0723 0.2000 0.0000 0.0000 205.0000 13.6363 1.0000 
139 140 0 0.4730 -0.3673 -28.2020 0.4787 -0.3367 -28.3996 0.0723 0.2000 0.0000 0.0000 205.0000 13.7988 1.0000 
140 141 0 0.4787 -0.3367 -28.3996 0.4792 -0.3045 -28.5970 0.0723 0.2000 0.0000 0.0000 205.0000 13.9629 1.0000 
141 142 0 0.4792 -0.3045 -28.5970 0.4730 -0.2701 -28.7939 0.0723 0.2000 0.0000 0.0000 205.0000 14.1288 1.0000 
142 143 0 0.4730 -0.2701 -28.7939 0.4878 -0.2480 -28.9921 0.0723 0.2000 0.0000 0.0000 205.0000 14.2963 1.0000 
143 144 0 0.4878 -0.2480 -28.9921 0.5077 -0.2245 -29.1897 0.0723 0.2000 0.0000 0.0000 205.0000 14.4656 1.0000 
144 145 0 0.5077 -0.2245 -29.1897 0.5056 -0.2078 -29.3890 0.0723 0.2000 0.0000 0.0000 205.0000 14.6368 1.0000 
145 146 0 0.5056 -0.2078 -29.3890 0.5156 -0.2020 -29.5887 0.0723 0.2000 0.0000 0.0000 205.0000 14.8097 1.0000 
146 147 0 0.5156 -0.2020 -29.5887 0.4953 -0.1997 -29.7876 0.0723 0.2000 0.0000 0.0000 205.0000 14.9845 1.0000 
147 148 0 0.4953 -0.1997 -29.7876 0.4755 -0.1950 -29.9866 0.0723 0.2000 0.0000 0.0000 205.0000 15.1613 1.0000 
148 149 0 0.4755 -0.1950 -29.9866 0.4468 -0.1910 -30.1845 0.0723 0.2000 0.0000 0.0000 205.0000 15.3400 1.0000 
149 150 0 0.4468 -0.1910 -30.1845 0.4256 -0.1952 -30.3833 0.0723 0.2000 0.0000 0.0000 205.0000 15.5207 1.0000 
150 151 0 0.4256 -0.1952 -30.3833 0.4041 -0.2079 -30.5817 0.0723 0.2000 0.0000 0.0000 205.0000 15.7035 1.0000 
151 152 0 0.4041 -0.2079 -30.5817 0.3699 -0.2236 -30.7782 0.0723 0.2000 0.0000 0.0000 205.0000 15.8883 1.0000 
152 153 0 0.3699 -0.2236 -30.7782 0.3716 -0.2569 -30.9754 0.0723 0.2000 0.0000 0.0000 205.0000 16.0753 1.0000 
153 154 0 0.3716 -0.2569 -30.9754 0.3610 -0.2953 -31.1713 0.0723 0.2000 0.0000 0.0000 205.0000 16.2645 1.0000 
154 155 0 0.3610 -0.2953 -31.1713 0.3568 -0.3021 -31.2105 0.0723 0.0400 0.0000 0.0000 205.0000 16.3026 1.0000 
155 156 0 0.3568 -0.3021 -31.2105 0.3393 -0.3295 -31.4079 0.0723 0.2000 0.0000 0.0000 205.0000 16.4945 1.0000 
156 157 0 0.3393 -0.3295 -31.4079 0.3461 -0.3803 -31.6012 0.0723 0.2000 0.0000 0.0000 205.0000 16.6887 1.0000 
157 158 0 0.3461 -0.3803 -31.6012 0.3493 -0.4192 -31.7974 0.0723 0.2000 0.0000 0.0000 205.0000 16.8853 1.0000 
158 159 0 0.3493 -0.4192 -31.7974 0.3731 -0.4412 -31.9947 0.0723 0.2000 0.0000 0.0000 205.0000 17.0843 1.0000 
159 160 0 0.3731 -0.4412 -31.9947 0.3968 -0.4641 -32.1920 0.0723 0.2000 0.0000 0.0000 205.0000 17.2858 1.0000 
160 161 0 0.3968 -0.4641 -32.1920 0.4303 -0.4645 -32.3892 0.0723 0.2000 0.0000 0.0000 205.0000 17.4898 1.0000 
161 162 0 0.4303 -0.4645 -32.3892 0.4688 -0.4774 -32.5850 0.0723 0.2000 0.0000 0.0000 205.0000 17.6965 1.0000 
162 163 0 0.4688 -0.4774 -32.5850 0.4877 -0.4964 -32.7832 0.0723 0.2000 0.0000 0.0000 205.0000 17.9058 1.0000 
163 164 0 0.4877 -0.4964 -32.7832 0.4864 -0.5054 -32.9830 0.0723 0.2000 0.0000 0.0000 205.0000 18.1179 1.0000 
164 165 0 0.4864 -0.5054 -32.9830 0.4767 -0.5050 -33.1828 0.0723 0.2000 0.0000 0.0000 205.0000 18.3328 1.0000 
165 166 0 0.4767 -0.5050 -33.1828 0.4982 -0.4692 -33.3783 0.0723 0.2000 0.0000 0.0000 205.0000 18.5506 1.0000 
166 167 0 0.4982 -0.4692 -33.3783 0.5382 -0.4823 -33.5739 0.0723 0.2000 0.0000 0.0000 205.0000 18.7714 1.0000 
167 168 0 0.5382 -0.4823 -33.5739 0.5568 -0.5064 -33.7715 0.0723 0.2000 0.0000 0.0000 205.0000 18.9953 1.0000 
168 169 0 0.5568 -0.5064 -33.7715 0.5355 -0.4959 -33.9701 0.0723 0.2000 0.0000 0.0000 205.0000 19.2223 1.0000 
169 170 0 0.5355 -0.4959 -33.9701 0.5161 -0.4795 -34.1685 0.0723 0.2000 0.0000 0.0000 205.0000 19.4526 1.0000 
170 171 0 0.5161 -0.4795 -34.1685 0.5057 -0.4850 -34.3682 0.0723 0.2000 0.0000 0.0000 205.0000 19.6862 1.0000 
171 172 0 0.5057 -0.4850 -34.3682 0.4950 -0.4909 -34.5678 0.0723 0.2000 0.0000 0.0000 205.0000 19.9232 1.0000 
172 173 0 0.4950 -0.4909 -34.5678 0.4921 -0.4912 -34.6319 0.0723 0.0641 0.0000 0.0000 205.0000 20.0000 1.0000 
173 174 1 0.2186 -0.3374 -3.1731 0.2062 -0.3295 -3.2720 0.1000 0.1000 0.5882 0.5882 0.1961 1.0971 2.0000 
174 175 1 0.2062 -0.3295 -3.2720 0.1992 -0.3252 -3.3716 0.1000 0.1000 0.5882 0.5882 0.1961 1.1985 2.0000 
175 176 1 0.1992 -0.3252 -3.3716 0.1864 -0.3259 -3.4708 0.1000 0.1000 0.5882 0.5882 0.1961 1.3010 2.0000 
176 177 1 0.1864 -0.3259 -3.4708 0.1768 -0.3312 -3.5702 0.1000 0.1000 0.5882 0.5882 0.1961 1.4045 2.0000 
177 178 1 0.1768 -0.3312 -3.5702 0.1731 -0.3377 -3.6699 0.1000 0.1000 0.5882 0.5882 0.1961 1.5090 2.0000 
178 179 1 0.1731 -0.3377 -3.6699 0.1695 -0.3439 -3.7697 0.1000 0.1000 0.5882 0.5882 0.1961 1.6146 2.0000 
179 180 1 0.1695 -0.3439 -3.7697 0.1662 -0.3500 -3.8694 0.1000 0.1000 0.5882 0.5882 0.1961 1.7213 2.0000 
180 181 1 0.1662 -0.3500 -3.8694 0.1601 -0.3542 -3.9691 0.1000 0.1000 0.5882 0.5882 0.1961 1.8291 2.0000 
181 182 1 0.1601 -0.3542 -3.9691 0.1543 -0.3592 -4.0689 0.1000 0.1000 0.5882 0.5882 0.1961 1.9380 2.0000 
182 183 1 0.1543 -0.3592 -4.0689 0.1489 -0.3649 -4.1685 0.1000 0.1000 0.5882 0.5882 0.1961 2.0481 2.0000 
183 184 1 0.1489 -0.3649 -4.1685 0.1435 -0.3697 -4.2683 0.1000 0.1000 0.5882 0.5882 0.1961 2.1593 2.0000 
184 185 1 0.1435 -0.3697 -4.2683 0.1351 -0.3767 -4.3677 0.1000 0.1000 0.5882 0.5882 0.1961 2.2718 2.0000 
185 186 1 0.1351 -0.3767 -4.3677 0.1273 -0.3836 -4.4671 0.1000 0.1000 0.5882 0.5882 0.1961 2.3855 2.0000 
186 187 1 0.1273 -0.3836 -4.4671 0.1189 -0.3912 -4.5665 0.1000 0.1000 0.5882 0.5882 0.1961 2.5004 2.0000 
187 188 1 0.1189 -0.3912 -4.5665 0.1196 -0.4061 -4.6654 0.1000 0.1000 0.5882 0.5882 0.1961 2.6167 2.0000 
188 189 1 0.1196 -0.4061 -4.6654 0.1146 -0.4269 -4.7631 0.1000 0.1000 0.5882 0.5882 0.1961 2.7342 2.0000 
189 190 1 0.1146 -0.4269 -4.7631 0.1082 -0.4564 -4.8584 0.1000 0.1000 0.5882 0.5882 0.1961 2.8531 2.0000 
190 191 1 0.1082 -0.4564 -4.8584 0.1026 -0.4854 -4.9539 0.1000 0.1000 0.5882 0.5882 0.1961 2.9734 2.0000 
191 192 1 0.1026 -0.4854 -4.9539 0.0883 -0.5096 -5.0499 0.1000 0.1000 0.5882 0.5882 0.1961 3.0951 2.0000 
192 193 1 0.0883 -0.5096 -5.0499 0.0746 -0.5348 -5.1457 0.1000 0.1000 0.5882 0.5882 0.1961 3.2182 2.0000 
193 194 1 0.0746 -0.5348 -5.1457 0.0628 -0.5559 -5.2427 0.1000 0.1000 0.5882 0.5882 0.1961 3.3428 2.0000 
194 195 1 0.0628 -0.5559 -5.2427 0.0496 -0.5757 -5.3399 0.1000 0.1000 0.5882 0.5882 0.1961 3.4689 2.0000 
195 196 1 0.0496 -0.5757 -5.3399 0.0374 -0.5973 -5.4367 0.1000 0.1000 0.5882 0.5882 0.1961 3.5966 2.0000 
196 197 1 0.0374 -0.5973 -5.4367 0.0274 -0.6108 -5.5353 0.1000 0.1000 0.5882 0.5882 0.1961 3.7258 2.0000 
197 198 1 0.0274 -0.6108 -5.5353 0.0174 -0.6242 -5.6339 0.1000 0.1000 0.5882 0.5882 0.1961 3.8567 2.0000 
198 199 1 0.0174 -0.6242 -5.6339 0.0050 -0.6406 -5.7318 0.1000 0.1000 0.5882 0.5882 0.1961 3.9893 2.0000 
199 200 1 0.0050 -0.6406 -5.7318 -0.0186 -0.6548 -5.8279 0.1000 0.1000 0.5882 0.5882 0.1961 4.1235 2.0000 
200 201 1 -0.0186 -0.6548 -5.8279 -0.0370 -0.6582 -5.9261 0.1000 0.1000 0.5882 0.5882 0.1961 4.2596 2.0000 
201 202 1 -0.0370 -0.6582 -5.9261 -0.0576 -0.6596 -6.0240 0.1000 0.1000 0.5882 0.5882 0.1961 4.3974 2.0000 
202 203 1 -0.0576 -0.6596 -6.0240 -0.0720 -0.6598 -6.1229 0.1000 0.1000 0.5882 0.5882 0.1961 4.5371 2.0000 
203 204 1 -0.0720 -0.6598 -6.1229 -0.0901 -0.6609 -6.2213 0.1000 0.1000 0.5882 0.5882 0.1961 4.6787 2.0000 
204 205 1 -0.0901 -0.6609 -6.2213 -0.1095 -0.6662 -6.3192 0.1000 0.1000 0.5882 0.5882 0.1961 4.8222 2.0000 
205 206 1 -0.1095 -0.6662 -6.3192 -0.1285 -0.6683 -6.4174 0.1000 0.1000 0.5882 0.5882 0.1961 4.9678 2.0000 
206 207 1 -0.1285 -0.6683 -6.4174 -0.1394 -0.6697 -6.5168 0.1000 0.1000 0.5882 0.5882 0.1961 5.1154 2.0000 
207 208 1 -0.1394 -0.6697 -6.5168 -0.1492 -0.6686 -6.6163 0.1000 0.1000 0.5882 0.5882 0.1961 5.2652 2.0000 
208 209 1 -0.1492 -0.6686 -6.6163 -0.1638 -0.6709 -6.7152 0.1000 0.1000 0.5882 0.5882 0.1961 5.4172 2.0000 
209 210 1 -0.1638 -0.6709 -6.7152 -0.1787 -0.6735 -6.8141 0.1000 0.1000 0.5882 0.5882 0.1961 5.5714 2.0000 
210 211 1 -0.1787 -0.6735 -6.8141 -0.1919 -0.6817 -6.9129 0.1000 0.1000 0.5882 0.5882 0.1961 5.7279 2.0000 
211 212 1 -0.1919 -0.6817 -6.9129 -0.2024 -0.6924 -7.0117 0.1000 0.1000 0.5882 0.5882 0.1961 5.8869 2.0000 
212 213 1 -0.2024 -0.6924 -7.0117 -0.2126 -0.6964 -7.1111 0.1000 0.1000 0.5882 0.5882 0.1961 6.0483 2.0000 
213 214 1 -0.2126 -0.6964 -7.1111 -0.2131 -0.7001 -7.2110 0.1000 0.1000 0.5882 0.5882 0.1961 6.2122 2.0000 
214 215 1 -0.2131 -0.7001 -7.2110 -0.2154 -0.6933 -7.3108 0.1000 0.1000 0.5882 0.5882 0.1961 6.3788 2.0000 
215 216 1 -0.2154 -0.6933 -7.3108 -0.2182 -0.6867 -7.4105 0.1000 0.1000 0.5882 0.5882 0.1961 6.5481 2.0000 
216 217 1 -0.2182 -0.6867 -7.4105 -0.2251 -0.6739 -7.5095 0.1000 0.1000 0.5882 0.5882 0.1961 6.7202 2.0000 
217 218 1 -0.2251 -0.6739 -7.5095 -0.2317 -0.6610 -7.6084 0.1000 0.1000 0.5882 0.5882 0.1961 6.8952 2.0000 
218 219 1 -0.2317 -0.6610 -7.6084 -0.2405 -0.6461 -7.7069 0.1000 0.1000 0.5882 0.5882 0.1961 7.0732 2.0000 
219 220 1 -0.2405 -0.6461 -7.7069 -0.2423 -0.6325 -7.8060 0.1000 0.1000 0.5882 0.5882 0.1961 7.2543 2.0000 
220 221 1 -0.2423 -0.6325 -7.8060 -0.2435 -0.6192 -7.9051 0.1000 0.1000 0.5882 0.5882 0.1961 7.4387 2.0000 
221 222 1 -0.2435 -0.6192 -7.9051 -0.2444 -0.6056 -8.0041 0.1000 0.1000 0.5882 0.5882 0.1961 7.6263 2.0000 
222 223 1 -0.2444 -0.6056 -8.0041 -0.2510 -0.5949 -8.1033 0.1000 0.1000 0.5882 0.5882 0.1961 7.8174 2.0000 
223 224 1 -0.2510 -0.5949 -8.1033 -0.2621 -0.5886 -8.2025 0.1000 0.1000 0.5882 0.5882 0.1961 8.0121 2.0000 
224 225 1 -0.2621 -0.5886 -8.2025 -0.2730 -0.5813 -8.3017 0.1000 0.1000 0.5882 0.5882 0.1961 8.2106 2.0000 
225 226 1 -0.2730 -0.5813 -8.3017 -0.2808 -0.5704 -8.4008 0.1000 0.1000 0.5882 0.5882 0.1961 8.4128 2.0000 
226 227 1 -0.2808 -0.5704 -8.4008 -0.2863 -0.5614 -8.5002 0.1000 0.1000 0.5882 0.5882 0.1961 8.6191 2.0000 
227 228 1 -0.2863 -0.5614 -8.5002 -0.2911 -0.5503 -8.5995 0.1000 0.1000 0.5882 0.5882 0.1961 8.8296 2.0000 
228 229 1 -0.2911 -0.5503 -8.5995 -0.2958 -0.5392 -8.6987 0.1000 0.1000 0.5882 0.5882 0.1961 9.0445 2.0000 
229 230 1 -0.2958 -0.5392 -8.6987 -0.3006 -0.5281 -8.7980 0.1000 0.1000 0.5882 0.5882 0.1961 9.2639 2.0000 
230 231 1 -0.3006 -0.5281 -8.7980 -0.3045 -0.5227 -8.8978 0.1000 0.1000 0.5882 0.5882 0.1961 9.4880 2.0000 
231 232 1 -0.3045 -0.5227 -8.8978 -0.3018 -0.5255 -8.9977 0.1000 0.1000 0.5882 0.5882 0.1961 9.7170 2.0000 
232 233 1 -0.3018 -0.5255 -8.9977 -0.3137 -0.5272 -9.0970 0.1000 0.1000 0.5882 0.5882 0.1961 9.9513 2.0000 
233 234 1 -0.3137 -0.5272 -9.0970 -0.3257 -0.5288 -9.1962 0.1000 0.1000 0.5882 0.5882 0.1961 10.1909 2.0000 
234 235 1 -0.3257 -0.5288 -9.1962 -0.3370 -0.5287 -9.2956 0.1000 0.1000 0.5882 0.5882 0.1961 10.4362 2.0000 
235 236 1 -0.3370 -0.5287 -9.2956 -0.3483 -0.5290 -9.3950 0.1000 0.1000 0.5882 0.5882 0.1961 10.6874 2.0000 
236 237 1 -0.3483 -0.5290 -9.3950 -0.3605 -0.5283 -9.4942 0.1000 0.1000 0.5882 0.5882 0.1961 10.9449 2.0000 
237 238 1 -0.3605 -0.5283 -9.4942 -0.3777 -0.5311 -9.5927 0.1000 0.1000 0.5882 0.5882 0.1961 11.2089 2.0000 
238 239 1 -0.3777 -0.5311 -9.5927 -0.3970 -0.5402 -9.6904 0.1000 0.1000 0.5882 0.5882 0.1961 11.4798 2.0000 
239 240 1 -0.3970 -0.5402 -9.6904 -0.4184 -0.5539 -9.7871 0.1000 0.1000 0.5882 0.5882 0.1961 11.7580 2.0000 
240 241 1 -0.4184 -0.5539 -9.7871 -0.4399 -0.5682 -9.8837 0.1000 0.1000 0.5882 0.5882 0.1961 12.0438 2.0000 
241 242 1 -0.4399 -0.5682 -9.8837 -0.4647 -0.5782 -9.9801 0.1000 0.1000 0.5882 0.5882 0.1961 12.3377 2.0000 
242 243 1 -0.4647 -0.5782 -9.9801 -0.4923 -0.5888 -10.0756 0.1000 0.1000 0.5882 0.5882 0.1961 12.6402 2.0000 
243 244 1 -0.4923 -0.5888 -10.0756 -0.5201 -0.6021 -10.1707 0.1000 0.1000 0.5882 0.5882 0.1961 12.9517 2.0000 
244 245 1 -0.5201 -0.6021 -10.1707 -0.5616 -0.6190 -10.2601 0.1000 0.1000 0.5882 0.5882 0.1961 13.2729 2.0000 
245 246 1 -0.5616 -0.6190 -10.2601 -0.6004 -0.6323 -10.3513 0.1000 0.1000 0.5882 0.5882 0.1961 13.6043 2.0000 
246 247 1 -0.6004 -0.6323 -10.3513 -0.6389 -0.6533 -10.4412 0.1000 0.1000 0.5882 0.5882 0.1961 13.9467 2.0000 
247 248 1 -0.6389 -0.6533 -10.4412 -0.6890 -0.6779 -10.5242 0.1000 0.1000 0.5882 0.5882 0.1961 14.3007 2.0000 
248 249 1 -0.6890 -0.6779 -10.5242 -0.7391 -0.7024 -10.6072 0.1000 0.1000 0.5882 0.5882 0.1961 14.6673 2.0000 
249 250 1 -0.7391 -0.7024 -10.6072 -0.7896 -0.7275 -10.6898 0.1000 0.1000 0.5882 0.5882 0.1961 15.0472 2.0000 
250 251 1 -0.7896 -0.7275 -10.6898 -0.8363 -0.7559 -10.7735 0.1000 0.1000 0.5882 0.5882 0.1961 15.4416 2.0000 
251 252 1 -0.8363 -0.7559 -10.7735 -0.8847 -0.7864 -10.8556 0.1000 0.1000 0.5882 0.5882 0.1961 15.8516 2.0000 
252 253 1 -0.8847 -0.7864 -10.8556 -0.9341 -0.8209 -10.9353 0.1000 0.1000 0.5882 0.5882 0.1961 16.2784 2.0000 
253 254 1 -0.9341 -0.8209 -10.9353 -0.9767 -0.8516 -11.0205 0.1000 0.1000 0.5882 0.5882 0.1961 16.7235 2.0000 
254 255 1 -0.9767 -0.8516 -11.0205 -1.0152 -0.8790 -11.1086 0.1000 0.1000 0.5882 0.5882 0.1961 17.1886 2.0000 
255 256 1 -1.0152 -0.8790 -11.1086 -1.0504 -0.9127 -11.1959 0.1000 0.1000 0.5882 0.5882 0.1961 17.6754 2.0000 
256 257 1 -1.0504 -0.9127 -11.1959 -1.0806 -0.9468 -11.2849 0.1000 0.1000 0.5882 0.5882 0.1961 18.1863 2.0000 
257 258 1 -1.0806 -0.9468 -11.2849 -1.1080 -0.9800 -11.3752 0.1000 0.1000 0.5882 0.5882 0.1961 18.7235 2.0000 
258 259 1 -1.1080 -0.9800 -11.3752 -1.1339 -1.0131 -11.4659 0.1000 0.1000 0.5882 0.5882 0.1961 19.2901 2.0000 
259 260 1 -1.1339 -1.0131 -11.4659 -1.1498 -1.0454 -11.5592 0.1000 0.1000 0.5882 0.5882 0.1961 19.8894 2.0000 
260 261 1 -1.1498 -1.0454 -11.5592 -1.1524 -1.0511 -11.5759 0.1000 0.0178 0.5882 0.5882 0.1961 20.0000 2.0000 
261 262 2 1.9430 -1.2451 -5.9784 1.8624 -1.2758 -6.0290 0.1000 0.1000 0.5882 0.5882 0.1961 2.4999 2.0000 
262 263 2 1.8624 -1.2758 -6.0290 1.7834 -1.3037 -6.0836 0.1000 0.1000 0.5882 0.5882 0.1961 2.6014 2.0000 
263 264 2 1.7834 -1.3037 -6.0836 1.7053 -1.3327 -6.1388 0.1000 0.1000 0.5882 0.5882 0.1961 2.7038 2.0000 
264 265 2 1.7053 -1.3327 -6.1388 1.6244 -1.3584 -6.1917 0.1000 0.1000 0.5882 0.5882 0.1961 2.8073 2.0000 
265 266 2 1.6244 -1.3584 -6.1917 1.5388 -1.3807 -6.2383 0.1000 0.1000 0.5882 0.5882 0.1961 2.9119 2.0000 
266 267 2 1.5388 -1.3807 -6.2383 1.4522 -1.4038 -6.2827 0.1000 0.1000 0.5882 0.5882 0.1961 3.0175 2.0000 
267 268 2 1.4522 -1.4038 -6.2827 1.3622 -1.4272 -6.3196 0.1000 0.1000 0.5882 0.5882 0.1961 3.1241 2.0000 
268 269 2 1.3622 -1.4272 -6.3196 1.2730 -1.4493 -6.3589 0.1000 0.1000 0.5882 0.5882 0.1961 3.2319 2.0000 
269 270 2 1.2730 -1.4493 -6.3589 1.1836 -1.4709 -6.3983 0.1000 0.1000 0.5882 0.5882 0.1961 3.3408 2.0000 
270 271 2 1.1836 -1.4709 -6.3983 1.0931 -1.4971 -6.4318 0.1000 0.1000 0.5882 0.5882 0.1961 3.4509 2.0000 
271 272 2 1.0931 -1.4971 -6.4318 1.0029 -1.5241 -6.4655 0.1000 0.1000 0.5882 0.5882 0.1961 3.5622 2.0000 
272 273 2 1.0029 -1.5241 -6.4655 0.9111 -1.5515 -6.4941 0.1000 0.1000 0.5882 0.5882 0.1961 3.6746 2.0000 
273 274 2 0.9111 -1.5515 -6.4941 0.8184 -1.5774 -6.5211 0.1000 0.1000 0.5882 0.5882 0.1961 3.7883 2.0000 
274 275 2 0.8184 -1.5774 -6.5211 0.7270 -1.6139 -6.5388 0.1000 0.1000 0.5882 0.5882 0.1961 3.9033 2.0000 
275 276 2 0.7270 -1.6139 -6.5388 0.6337 -1.6454 -6.5565 0.1000 0.1000 0.5882 0.5882 0.1961 4.0195 2.0000 
276 277 2 0.6337 -1.6454 -6.5565 0.5414 -1.6790 -6.5754 0.1000 0.1000 0.5882 0.5882 0.1961 4.1370 2.0000 
277 278 2 0.5414 -1.6790 -6.5754 0.4494 -1.7133 -6.5942 0.1000 0.1000 0.5882 0.5882 0.1961 4.2559 2.0000 
278 279 2 0.4494 -1.7133 -6.5942 0.3578 -1.7485 -6.6135 0.1000 0.1000 0.5882 0.5882 0.1961 4.3762 2.0000 
279 280 2 0.3578 -1.7485 -6.6135 0.2659 -1.7821 -6.6340 0.1000 0.1000 0.5882 0.5882 0.1961 4.4979 2.0000 
280 281 2 0.2659 -1.7821 -6.6340 0.1770 -1.8222 -6.6562 0.1000 0.1000 0.5882 0.5882 0.1961 4.6210 2.0000 
281 282 2 0.1770 -1.8222 -6.6562 0.0887 -1.8666 -6.6711 0.1000 0.1000 0.5882 0.5882 0.1961 4.7456 2.0000 
282 283 2 0.0887 -1.8666 -6.6711 0.0017 -1.9119 -6.6905 0.1000 0.1000 0.5882 0.5882 0.1961 4.8717 2.0000 
283 284 2 0.0017 -1.9119 -6.6905 -0.0859 -1.9557 -6.7108 0.1000 0.1000 0.5882 0.5882 0.1961 4.9994 2.0000 
284 285 2 -0.0859 -1.9557 -6.7108 -0.1740 -1.9988 -6.7304 0.1000 0.1000 0.5882 0.5882 0.1961 5.1287 2.0000 
285 286 2 -0.1740 -1.9988 -6.7304 -0.2620 -2.0419 -6.7501 0.1000 0.1000 0.5882 0.5882 0.1961 5.2595 2.0000 
286 287 2 -0.2620 -2.0419 -6.7501 -0.3523 -2.0807 -6.7689 0.1000 0.1000 0.5882 0.5882 0.1961 5.3921 2.0000 
287 288 2 -0.3523 -2.0807 -6.7689 -0.4385 -2.1247 -6.7940 0.1000 0.1000 0.5882 0.5882 0.1961 5.5264 2.0000 
288 289 2 -0.4385 -2.1247 -6.7940 -0.5235 -2.1697 -6.8214 0.1000 0.1000 0.5882 0.5882 0.1961 5.6624 2.0000 
289 290 2 -0.5235 -2.1697 -6.8214 -0.6079 -2.2153 -6.8497 0.1000 0.1000 0.5882 0.5882 0.1961 5.8002 2.0000 
290 291 2 -0.6079 -2.2153 -6.8497 -0.6909 -2.2660 -6.8728 0.1000 0.1000 0.5882 0.5882 0.1961 5.9399 2.0000 
291 292 2 -0.6909 -2.2660 -6.8728 -0.7718 -2.3188 -6.8988 0.1000 0.1000 0.5882 0.5882 0.1961 6.0815 2.0000 
292 293 2 -0.7718 -2.3188 -6.8988 -0.8533 -2.3697 -6.9265 0.1000 0.1000 0.5882 0.5882 0.1961 6.2251 2.0000 
293 294 2 -0.8533 -2.3697 -6.9265 -0.9313 -2.4236 -6.9583 0.1000 0.1000 0.5882 0.5882 0.1961 6.3706 2.0000 
294 295 2 -0.9313 -2.4236 -6.9583 -1.0086 -2.4782 -6.9904 0.1000 0.1000 0.5882 0.5882 0.1961 6.5183 2.0000 
295 296 2 -1.0086 -2.4782 -6.9904 -1.0843 -2.5372 -7.0184 0.1000 0.1000 0.5882 0.5882 0.1961 6.6680 2.0000 
296 297 2 -1.0843 -2.5372 -7.0184 -1.1587 -2.5935 -7.0545 0.1000 0.1000 0.5882 0.5882 0.1961 6.8200 2.0000 
297 298 2 -1.1587 -2.5935 -7.0545 -1.2332 -2.6498 -7.0904 0.1000 0.1000 0.5882 0.5882 0.1961 6.9742 2.0000 
298 299 2 -1.2332 -2.6498 -7.0904 -1.3078 -2.7045 -7.1283 0.1000 0.1000 0.5882 0.5882 0.1961 7.1307 2.0000 
299 300 2 -1.3078 -2.7045 -7.1283 -1.3848 -2.7560 -7.1660 0.1000 0.1000 0.5882 0.5882 0.1961 7.2897 2.0000 
300 301 2 -1.3848 -2.7560 -7.1660 -1.4649 -2.8024 -7.2038 0.1000 0.1000 0.5882 0.5882 0.1961 7.4511 2.0000 
301 302 2 -1.4649 -2.8024 -7.2038 -1.5408 -2.8572 -7.2388 0.1000 0.1000 0.5882 0.5882 0.1961 7.6150 2.0000 
302 303 2 -1.5408 -2.8572 -7.2388 -1.6149 -2.9163 -7.2709 0.1000 0.1000 0.5882 0.5882 0.1961 7.7816 2.0000 
303 304 2 -1.6149 -2.9163 -7.2709 -1.6835 -2.9819 -7.3024 0.1000 0.1000 0.5882 0.5882 0.1961 7.9509 2.0000 
304 305 2 -1.6835 -2.9819 -7.3024 -1.7503 -3.0497 -7.3331 0.1000 0.1000 0.5882 0.5882 0.1961 8.1230 2.0000 
305 306 2 -1.7503 -3.0497 -7.3331 -1.8120 -3.1202 -7.3679 0.1000 0.1000 0.5882 0.5882 0.1961 8.2980 2.0000 
306 307 2 -1.8120 -3.1202 -7.3679 -1.8736 -3.1945 -7.3942 0.1000 0.1000 0.5882 0.5882 0.1961 8.4761 2.0000 
307 308 2 -1.8736 -3.1945 -7.3942 -1.9350 -3.2690 -7.4203 0.1000 0.1000 0.5882 0.5882 0.1961 8.6572 2.0000 
308 309 2 -1.9350 -3.2690 -7.4203 -1.9950 -3.3439 -7.4484 0.1000 0.1000 0.5882 0.5882 0.1961 8.8415 2.0000 
309 310 2 -1.9950 -3.3439 -7.4484 -2.0565 -3.4181 -7.4749 0.1000 0.1000 0.5882 0.5882 0.1961 9.0292 2.0000 
310 311 2 -2.0565 -3.4181 -7.4749 -2.1148 -3.4926 -7.5073 0.1000 0.1000 0.5882 0.5882 0.1961 9.2203 2.0000 
311 312 2 -2.1148 -3.4926 -7.5073 -2.1683 -3.5696 -7.5422 0.1000 0.1000 0.5882 0.5882 0.1961 9.4150 2.0000 
312 313 2 -2.1683 -3.5696 -7.5422 -2.2259 -3.6441 -7.5758 0.1000 0.1000 0.5882 0.5882 0.1961 9.6134 2.0000 
313 314 2 -2.2259 -3.6441 -7.5758 -2.2833 -3.7155 -7.6160 0.1000 0.1000 0.5882 0.5882 0.1961 9.8157 2.0000 
314 315 2 -2.2833 -3.7155 -7.6160 -2.3417 -3.7847 -7.6583 0.1000 0.1000 0.5882 0.5882 0.1961 10.0220 2.0000 
315 316 2 -2.3417 -3.7847 -7.6583 -2.4075 -3.8444 -7.7042 0.1000 0.1000 0.5882 0.5882 0.1961 10.2325 2.0000 
316 317 2 -2.4075 -3.8444 -7.7042 -2.4801 -3.8916 -7.7543 0.1000 0.1000 0.5882 0.5882 0.1961 10.4473 2.0000 
317 318 2 -2.4801 -3.8916 -7.7543 -2.5525 -3.9382 -7.8050 0.1000 0.1000 0.5882 0.5882 0.1961 10.6667 2.0000 
318 319 2 -2.5525 -3.9382 -7.8050 -2.6247 -3.9856 -7.8555 0.1000 0.1000 0.5882 0.5882 0.1961 10.8908 2.0000 
319 320 2 -2.6247 -3.9856 -7.8555 -2.6988 -4.0317 -7.9043 0.1000 0.1000 0.5882 0.5882 0.1961 11.1199 2.0000 
320 321 2 -2.6988 -4.0317 -7.9043 -2.7777 -4.0770 -7.9459 0.1000 0.1000 0.5882 0.5882 0.1961 11.3541 2.0000 
321 322 2 -2.7777 -4.0770 -7.9459 -2.8592 -4.1150 -7.9897 0.1000 0.1000 0.5882 0.5882 0.1961 11.5937 2.0000 
322 323 2 -2.8592 -4.1150 -7.9897 -2.9404 -4.1506 -8.0358 0.1000 0.1000 0.5882 0.5882 0.1961 11.8390 2.0000 
323 324 2 -2.9404 -4.1506 -8.0358 -3.0217 -4.1874 -8.0810 0.1000 0.1000 0.5882 0.5882 0.1961 12.0903 2.0000 
324 325 2 -3.0217 -4.1874 -8.0810 -3.1024 -4.2233 -8.1278 0.1000 0.1000 0.5882 0.5882 0.1961 12.3477 2.0000 
325 326 2 -3.1024 -4.2233 -8.1278 -3.1868 -4.2536 -8.1721 0.1000 0.1000 0.5882 0.5882 0.1961 12.6118 2.0000 
326 327 2 -3.1868 -4.2536 -8.1721 -3.2692 -4.2868 -8.2180 0.1000 0.1000 0.5882 0.5882 0.1961 12.8827 2.0000 
327 328 2 -3.2692 -4.2868 -8.2180 -3.3503 -4.3184 -8.2673 0.1000 0.1000 0.5882 0.5882 0.1961 13.1608 2.0000 
328 329 2 -3.3503 -4.3184 -8.2673 -3.4311 -4.3520 -8.3156 0.1000 0.1000 0.5882 0.5882 0.1961 13.4466 2.0000 
329 330 2 -3.4311 -4.3520 -8.3156 -3.5051 -4.3957 -8.3668 0.1000 0.1000 0.5882 0.5882 0.1961 13.7405 2.0000 
330 331 2 -3.5051 -4.3957 -8.3668 -3.5785 -4.4357 -8.4217 0.1000 0.1000 0.5882 0.5882 0.1961 14.0430 2.0000 
331 332 2 -3.5785 -4.4357 -8.4217 -3.6439 -4.4831 -8.4807 0.1000 0.1000 0.5882 0.5882 0.1961 14.3545 2.0000 
332 333 2 -3.6439 -4.4831 -8.4807 -3.7095 -4.5302 -8.5397 0.1000 0.1000 0.5882 0.5882 0.1961 14.6757 2.0000 
333 334 2 -3.7095 -4.5302 -8.5397 -3.7805 -4.5714 -8.5967 0.1000 0.1000 0.5882 0.5882 0.1961 15.0072 2.0000 
334 335 2 -3.7805 -4.5714 -8.5967 -3.8516 -4.6125 -8.6537 0.1000 0.1000 0.5882 0.5882 0.1961 15.3495 2.0000 
335 336 2 -3.8516 -4.6125 -8.6537 -3.9197 -4.6554 -8.7132 0.1000 0.1000 0.5882 0.5882 0.1961 15.7036 2.0000 
336 337 2 -3.9197 -4.6554 -8.7132 -3.9849 -4.7069 -8.7688 0.1000 0.1000 0.5882 0.5882 0.1961 16.0701 2.0000 
337 338 2 -3.9849 -4.7069 -8.7688 -4.0431 -4.7565 -8.8332 0.1000 0.1000 0.5882 0.5882 0.1961 16.4501 2.0000 
338 339 2 -4.0431 -4.7565 -8.8332 -4.0904 -4.8098 -8.9033 0.1000 0.1000 0.5882 0.5882 0.1961 16.8444 2.0000 
339 340 2 -4.0904 -4.8098 -8.9033 -4.1351 -4.8642 -8.9743 0.1000 0.1000 0.5882 0.5882 0.1961 17.2544 2.0000 
340 341 2 -4.1351 -4.8642 -8.9743 -4.1873 -4.9148 -9.0430 0.1000 0.1000 0.5882 0.5882 0.1961 17.6812 2.0000 
341 342 2 -4.1873 -4.9148 -9.0430 -4.2395 -4.9637 -9.1129 0.1000 0.1000 0.5882 0.5882 0.1961 18.1263 2.0000 
342 343 2 -4.2395 -4.9637 -9.1129 -4.2858 -5.0116 -9.1875 0.1000 0.1000 0.5882 0.5882 0.1961 18.5914 2.0000 
343 344 2 -4.2858 -5.0116 -9.1875 -4.3367 -5.0631 -9.2564 0.1000 0.1000 0.5882 0.5882 0.1961 19.0783 2.0000 
344 345 2 -4.3367 -5.0631 -9.2564 -4.3874 -5.1165 -9.3242 0.1000 0.1000 0.5882 0.5882 0.1961 19.5891 2.0000 
345 346 2 -4.3874 -5.1165 -9.3242 -4.4278 -5.1579 -9.3748 0.1000 0.0769 0.5882 0.5882 0.1961 20.0000 2.0000 
346 347 3 1.6918 -1.2985 -9.5880 1.6970 -1.2034 -9.6183 0.1000 0.1000 0.5882 0.5882 0.1961 4.0365 2.0000 
347 348 3 1.6970 -1.2034 -9.6183 1.7019 -1.1094 -9.6521 0.1000 0.1000 0.5882 0.5882 0.1961 4.1380 2.0000 
348 349 3 1.7019 -1.1094 -9.6521 1.7069 -1.0155 -9.6861 0.1000 0.1000 0.5882 0.5882 0.1961 4.2405 2.0000 
349 350 3 1.7069 -1.0155 -9.6861 1.7080 -0.9231 -9.7243 0.1000 0.1000 0.5882 0.5882 0.1961 4.3440 2.0000 
350 351 3 1.7080 -0.9231 -9.7243 1.7133 -0.8332 -9.7679 0.1000 0.1000 0.5882 0.5882 0.1961 4.4485 2.0000 
351 352 3 1.7133 -0.8332 -9.7679 1.7181 -0.7421 -9.8088 0.1000 0.1000 0.5882 0.5882 0.1961 4.5541 2.0000 
352 353 3 1.7181 -0.7421 -9.8088 1.7181 -0.6544 -9.8569 0.1000 0.1000 0.5882 0.5882 0.1961 4.6608 2.0000 
353 354 3 1.7181 -0.6544 -9.8569 1.7204 -0.5646 -9.9009 0.1000 0.1000 0.5882 0.5882 0.1961 4.7686 2.0000 
354 355 3 1.7204 -0.5646 -9.9009 1.7236 -0.4752 -9.9456 0.1000 0.1000 0.5882 0.5882 0.1961 4.8775 2.0000 
355 356 3 1.7236 -0.4752 -9.9456 1.7265 -0.3859 -9.9904 0.1000 0.1000 0.5882 0.5882 0.1961 4.9875 2.0000 
356 357 3 1.7265 -0.3859 -9.9904 1.7267 -0.2969 -10.0360 0.1000 0.1000 0.5882 0.5882 0.1961 5.0988 2.0000 
357 358 3 1.7267 -0.2969 -10.0360 1.7303 -0.2079 -10.0815 0.1000 0.1000 0.5882 0.5882 0.1961 5.2113 2.0000 
358 359 3 1.7303 -0.2079 -10.0815 1.7417 -0.1214 -10.1304 0.1000 0.1000 0.5882 0.5882 0.1961 5.3249 2.0000 
359 360 3 1.7417 -0.1214 -10.1304 1.7508 -0.0340 -10.1782 0.1000 0.1000 0.5882 0.5882 0.1961 5.4399 2.0000 
360 361 3 1.7508 -0.0340 -10.1782 1.7596 0.0535 -10.2257 0.1000 0.1000 0.5882 0.5882 0.1961 5.5561 2.0000 
361 362 3 1.7596 0.0535 -10.2257 1.7667 0.1388 -10.2774 0.1000 0.1000 0.5882 0.5882 0.1961 5.6737 2.0000 
362 363 3 1.7667 0.1388 -10.2774 1.7717 0.2240 -10.3295 0.1000 0.1000 0.5882 0.5882 0.1961 5.7926 2.0000 
363 364 3 1.7717 0.2240 -10.3295 1.7743 0.3070 -10.3852 0.1000 0.1000 0.5882 0.5882 0.1961 5.9128 2.0000 
364 365 3 1.7743 0.3070 -10.3852 1.7733 0.3865 -10.4458 0.1000 0.1000 0.5882 0.5882 0.1961 6.0345 2.0000 
365 366 3 1.7733 0.3865 -10.4458 1.7722 0.4659 -10.5067 0.1000 0.1000 0.5882 0.5882 0.1961 6.1576 2.0000 
366 367 3 1.7722 0.4659 -10.5067 1.7724 0.5426 -10.5708 0.1000 0.1000 0.5882 0.5882 0.1961 6.2822 2.0000 
367 368 3 1.7724 0.5426 -10.5708 1.7656 0.6204 -10.6332 0.1000 0.1000 0.5882 0.5882 0.1961 6.4084 2.0000 
368 369 3 1.7656 0.6204 -10.6332 1.7605 0.7003 -10.6932 0.1000 0.1000 0.5882 0.5882 0.1961 6.5360 2.0000 
369 370 3 1.7605 0.7003 -10.6932 1.7519 0.7747 -10.7595 0.1000 0.1000 0.5882 0.5882 0.1961 6.6653 2.0000 
370 371 3 1.7519 0.7747 -10.7595 1.7430 0.8504 -10.8242 0.1000 0.1000 0.5882 0.5882 0.1961 6.7962 2.0000 
371 372 3 1.7430 0.8504 -10.8242 1.7348 0.9261 -10.8890 0.1000 0.1000 0.5882 0.5882 0.1961 6.9287 2.0000 
372 373 3 1.7348 0.9261 -10.8890 1.7260 1.0030 -10.9523 0.1000 0.1000 0.5882 0.5882 0.1961 7.0630 2.0000 
373 374 3 1.7260 1.0030 -10.9523 1.7123 1.0787 -11.0162 0.1000 0.1000 0.5882 0.5882 0.1961 7.1990 2.0000 
374 375 3 1.7123 1.0787 -11.0162 1.6955 1.1505 -11.0838 0.1000 0.1000 0.5882 0.5882 0.1961 7.3369 2.0000 
375 376 3 1.6955 1.1505 -11.0838 1.6743 1.2219 -11.1505 0.1000 0.1000 0.5882 0.5882 0.1961 7.4766 2.0000 
376 377 3 1.6743 1.2219 -11.1505 1.6536 1.2966 -11.2137 0.1000 0.1000 0.5882 0.5882 0.1961 7.6181 2.0000 
377 378 3 1.6536 1.2966 -11.2137 1.6347 1.3751 -11.2727 0.1000 0.1000 0.5882 0.5882 0.1961 7.7617 2.0000 
378 379 3 1.6347 1.3751 -11.2727 1.6147 1.4584 -11.3243 0.1000 0.1000 0.5882 0.5882 0.1961 7.9073 2.0000 
379 380 3 1.6147 1.4584 -11.3243 1.5843 1.5433 -11.3675 0.1000 0.1000 0.5882 0.5882 0.1961 8.0549 2.0000 
380 381 3 1.5843 1.5433 -11.3675 1.5525 1.6318 -11.4014 0.1000 0.1000 0.5882 0.5882 0.1961 8.2047 2.0000 
381 382 3 1.5525 1.6318 -11.4014 1.5025 1.7107 -11.4373 0.1000 0.1000 0.5882 0.5882 0.1961 8.3566 2.0000 
382 383 3 1.5025 1.7107 -11.4373 1.4501 1.7880 -11.4728 0.1000 0.1000 0.5882 0.5882 0.1961 8.5108 2.0000 
383 384 3 1.4501 1.7880 -11.4728 1.4013 1.8707 -11.5009 0.1000 0.1000 0.5882 0.5882 0.1961 8.6674 2.0000 
384 385 3 1.4013 1.8707 -11.5009 1.3578 1.9551 -11.5322 0.1000 0.1000 0.5882 0.5882 0.1961 8.8263 2.0000 
385 386 3 1.3578 1.9551 -11.5322 1.3129 2.0416 -11.5547 0.1000 0.1000 0.5882 0.5882 0.1961 8.9877 2.0000 
386 387 3 1.3129 2.0416 -11.5547 1.2651 2.1285 -11.5671 0.1000 0.1000 0.5882 0.5882 0.1961 9.1517 2.0000 
387 388 3 1.2651 2.1285 -11.5671 1.2152 2.2128 -11.5876 0.1000 0.1000 0.5882 0.5882 0.1961 9.3183 2.0000 
388 389 3 1.2152 2.2128 -11.5876 1.1646 2.2971 -11.6059 0.1000 0.1000 0.5882 0.5882 0.1961 9.4876 2.0000 
389 390 3 1.1646 2.2971 -11.6059 1.1061 2.3763 -11.6230 0.1000 0.1000 0.5882 0.5882 0.1961 9.6597 2.0000 
390 391 3 1.1061 2.3763 -11.6230 1.0480 2.4570 -11.6339 0.1000 0.1000 0.5882 0.5882 0.1961 9.8347 2.0000 
391 392 3 1.0480 2.4570 -11.6339 0.9872 2.5352 -11.6476 0.1000 0.1000 0.5882 0.5882 0.1961 10.0127 2.0000 
392 393 3 0.9872 2.5352 -11.6476 0.9271 2.6134 -11.6639 0.1000 0.1000 0.5882 0.5882 0.1961 10.1938 2.0000 
393 394 3 0.9271 2.6134 -11.6639 0.8567 2.6816 -11.6835 0.1000 0.1000 0.5882 0.5882 0.1961 10.3781 2.0000 
394 395 3 0.8567 2.6816 -11.6835 0.7868 2.7505 -11.7026 0.1000 0.1000 0.5882 0.5882 0.1961 10.5658 2.0000 
395 396 3 0.7868 2.7505 -11.7026 0.7178 2.8208 -11.7202 0.1000 0.1000 0.5882 0.5882 0.1961 10.7569 2.0000 
396 397 3 0.7178 2.8208 -11.7202 0.6450 2.8881 -11.7332 0.1000 0.1000 0.5882 0.5882 0.1961 10.9516 2.0000 
397 398 3 0.6450 2.8881 -11.7332 0.5692 2.9519 -11.7469 0.1000 0.1000 0.5882 0.5882 0.1961 11.1500 2.0000 
398 399 3 0.5692 2.9519 -11.7469 0.4980 3.0184 -11.7695 0.1000 0.1000 0.5882 0.5882 0.1961 11.3523 2.0000 
399 400 3 0.4980 3.0184 -11.7695 0.4268 3.0849 -11.7922 0.1000 0.1000 0.5882 0.5882 0.1961 11.5586 2.0000 
400 401 3 0.4268 3.0849 -11.7922 0.3553 3.1517 -11.8125 0.1000 0.1000 0.5882 0.5882 0.1961 11.7691 2.0000 
401 402 3 0.3553 3.1517 -11.8125 0.2846 3.2201 -11.8304 0.1000 0.1000 0.5882 0.5882 0.1961 11.9839 2.0000 
402 403 3 0.2846 3.2201 -11.8304 0.2086 3.2822 -11.8494 0.1000 0.1000 0.5882 0.5882 0.1961 12.2033 2.0000 
403 404 3 0.2086 3.2822 -11.8494 0.1340 3.3469 -11.8653 0.1000 0.1000 0.5882 0.5882 0.1961 12.4274 2.0000 
404 405 3 0.1340 3.3469 -11.8653 0.0565 3.4086 -11.8790 0.1000 0.1000 0.5882 0.5882 0.1961 12.6565 2.0000 
405 406 3 0.0565 3.4086 -11.8790 -0.0199 3.4727 -11.8875 0.1000 0.1000 0.5882 0.5882 0.1961 12.8907 2.0000 
406 407 3 -0.0199 3.4727 -11.8875 -0.0965 3.5362 -11.8969 0.1000 0.1000 0.5882 0.5882 0.1961 13.1304 2.0000 
407 408 3 -0.0965 3.5362 -11.8969 -0.1720 3.6015 -11.9027 0.1000 0.1000 0.5882 0.5882 0.1961 13.3757 2.0000 
408 409 3 -0.1720 3.6015 -11.9027 -0.2476 3.6667 -11.9085 0.1000 0.1000 0.5882 0.5882 0.1961 13.6269 2.0000 
409 410 3 -0.2476 3.6667 -11.9085 -0.3206 3.7342 -11.9188 0.1000 0.1000 0.5882 0.5882 0.1961 13.8844 2.0000 
410 411 3 -0.3206 3.7342 -11.9188 -0.3910 3.8031 -11.9363 0.1000 0.1000 0.5882 0.5882 0.1961 14.1484 2.0000 
411 412 3 -0.3910 3.8031 -11.9363 -0.4568 3.8759 -11.9555 0.1000 0.1000 0.5882 0.5882 0.1961 14.4193 2.0000 
412 413 3 -0.4568 3.8759 -11.9555 -0.5221 3.9487 -11.9766 0.1000 0.1000 0.5882 0.5882 0.1961 14.6974 2.0000 
413 414 3 -0.5221 3.9487 -11.9766 -0.5845 4.0232 -12.0002 0.1000 0.1000 0.5882 0.5882 0.1961 14.9832 2.0000 
414 415 3 -0.5845 4.0232 -12.0002 -0.6462 4.0987 -12.0223 0.1000 0.1000 0.5882 0.5882 0.1961 15.2772 2.0000 
415 416 3 -0.6462 4.0987 -12.0223 -0.7011 4.1778 -12.0490 0.1000 0.1000 0.5882 0.5882 0.1961 15.5796 2.0000 
416 417 3 -0.7011 4.1778 -12.0490 -0.7558 4.2576 -12.0744 0.1000 0.1000 0.5882 0.5882 0.1961 15.8912 2.0000 
417 418 3 -0.7558 4.2576 -12.0744 -0.8083 4.3387 -12.1003 0.1000 0.1000 0.5882 0.5882 0.1961 16.2124 2.0000 
418 419 3 -0.8083 4.3387 -12.1003 -0.8637 4.4201 -12.1178 0.1000 0.1000 0.5882 0.5882 0.1961 16.5438 2.0000 
419 420 3 -0.8637 4.4201 -12.1178 -0.9190 4.5015 -12.1354 0.1000 0.1000 0.5882 0.5882 0.1961 16.8862 2.0000 
420 421 3 -0.9190 4.5015 -12.1354 -0.9745 4.5826 -12.1540 0.1000 0.1000 0.5882 0.5882 0.1961 17.2402 2.0000 
421 422 3 -0.9745 4.5826 -12.1540 -1.0292 4.6642 -12.1728 0.1000 0.1000 0.5882 0.5882 0.1961 17.6067 2.0000 
422 423 3 -1.0292 4.6642 -12.1728 -1.0841 4.7450 -12.1941 0.1000 0.1000 0.5882 0.5882 0.1961 17.9867 2.0000 
423 424 3 -1.0841 4.7450 -12.1941 -1.1390 4.8258 -12.2153 0.1000 0.1000 0.5882 0.5882 0.1961 18.3811 2.0000 
424 425 3 -1.1390 4.8258 -12.2153 -1.2007 4.9011 -12.2383 0.1000 0.1000 0.5882 0.5882 0.1961 18.7910 2.0000 
425 426 3 -1.2007 4.9011 -12.2383 -1.2587 4.9777 -12.2660 0.1000 0.1000 0.5882 0.5882 0.1961 19.2179 2.0000 
426 427 3 -1.2587 4.9777 -12.2660 -1.3146 5.0560 -12.2935 0.1000 0.1000 0.5882 0.5882 0.1961 19.6630 2.0000 
427 428 3 -1.3146 5.0560 -12.2935 -1.3551 5.1136 -12.3124 0.1000 0.0729 0.5882 0.5882 0.1961 20.0000 2.0000 
428 429 4 1.3564 -1.4341 -13.1895 1.2785 -1.3787 -13.2189 0.1000 0.1000 0.5882 0.5882 0.1961 5.7352 2.0000 
429 430 4 1.2785 -1.3787 -13.2189 1.2022 -1.3217 -13.2494 0.1000 0.1000 0.5882 0.5882 0.1961 5.8367 2.0000 
430 431 4 1.2022 -1.3217 -13.2494 1.1263 -1.2642 -13.2801 0.1000 0.1000 0.5882 0.5882 0.1961 5.9391 2.0000 
431 432 4 1.1263 -1.2642 -13.2801 1.0510 -1.2058 -13.3102 0.1000 0.1000 0.5882 0.5882 0.1961 6.0426 2.0000 
432 433 4 1.0510 -1.2058 -13.3102 0.9770 -1.1454 -13.3400 0.1000 0.1000 0.5882 0.5882 0.1961 6.1472 2.0000 
433 434 4 0.9770 -1.1454 -13.3400 0.9027 -1.0870 -13.3726 0.1000 0.1000 0.5882 0.5882 0.1961 6.2528 2.0000 
434 435 4 0.9027 -1.0870 -13.3726 0.8229 -1.0306 -13.3938 0.1000 0.1000 0.5882 0.5882 0.1961 6.3594 2.0000 
435 436 4 0.8229 -1.0306 -13.3938 0.7417 -0.9758 -13.4142 0.1000 0.1000 0.5882 0.5882 0.1961 6.4672 2.0000 
436 437 4 0.7417 -0.9758 -13.4142 0.6627 -0.9190 -13.4369 0.1000 0.1000 0.5882 0.5882 0.1961 6.5761 2.0000 
437 438 4 0.6627 -0.9190 -13.4369 0.5882 -0.8566 -13.4607 0.1000 0.1000 0.5882 0.5882 0.1961 6.6862 2.0000 
438 439 4 0.5882 -0.8566 -13.4607 0.5146 -0.7937 -13.4856 0.1000 0.1000 0.5882 0.5882 0.1961 6.7975 2.0000 
439 440 4 0.5146 -0.7937 -13.4856 0.4442 -0.7278 -13.5121 0.1000 0.1000 0.5882 0.5882 0.1961 6.9099 2.0000 
440 441 4 0.4442 -0.7278 -13.5121 0.3776 -0.6582 -13.5387 0.1000 0.1000 0.5882 0.5882 0.1961 7.0236 2.0000 
441 442 4 0.3776 -0.6582 -13.5387 0.3101 -0.5891 -13.5648 0.1000 0.1000 0.5882 0.5882 0.1961 7.1385 2.0000 
442 443 4 0.3101 -0.5891 -13.5648 0.2442 -0.5194 -13.5931 0.1000 0.1000 0.5882 0.5882 0.1961 7.2548 2.0000 
443 444 4 0.2442 -0.5194 -13.5931 0.1767 -0.4509 -13.6205 0.1000 0.1000 0.5882 0.5882 0.1961 7.3723 2.0000 
444 445 4 0.1767 -0.4509 -13.6205 0.1094 -0.3826 -13.6489 0.1000 0.1000 0.5882 0.5882 0.1961 7.4912 2.0000 
445 446 4 0.1094 -0.3826 -13.6489 0.0454 -0.3137 -13.6827 0.1000 0.1000 0.5882 0.5882 0.1961 7.6115 2.0000 
446 447 4 0.0454 -0.3137 -13.6827 -0.0181 -0.2451 -13.7184 0.1000 0.1000 0.5882 0.5882 0.1961 7.7332 2.0000 
447 448 4 -0.0181 -0.2451 -13.7184 -0.0822 -0.1780 -13.7557 0.1000 0.1000 0.5882 0.5882 0.1961 7.8563 2.0000 
448 449 4 -0.0822 -0.1780 -13.7557 -0.1465 -0.1111 -13.7931 0.1000 0.1000 0.5882 0.5882 0.1961 7.9809 2.0000 
449 450 4 -0.1465 -0.1111 -13.7931 -0.2067 -0.0417 -13.8325 0.1000 0.1000 0.5882 0.5882 0.1961 8.1070 2.0000 
450 451 4 -0.2067 -0.0417 -13.8325 -0.2662 0.0288 -13.8711 0.1000 0.1000 0.5882 0.5882 0.1961 8.2347 2.0000 
451 452 4 -0.2662 0.0288 -13.8711 -0.3258 0.0995 -13.9091 0.1000 0.1000 0.5882 0.5882 0.1961 8.3639 2.0000 
452 453 4 -0.3258 0.0995 -13.9091 -0.3717 0.1724 -13.9599 0.1000 0.1000 0.5882 0.5882 0.1961 8.4948 2.0000 
453 454 4 -0.3717 0.1724 -13.9599 -0.4201 0.2414 -14.0136 0.1000 0.1000 0.5882 0.5882 0.1961 8.6274 2.0000 
454 455 4 -0.4201 0.2414 -14.0136 -0.4743 0.3084 -14.0644 0.1000 0.1000 0.5882 0.5882 0.1961 8.7617 2.0000 
455 456 4 -0.4743 0.3084 -14.0644 -0.5293 0.3742 -14.1160 0.1000 0.1000 0.5882 0.5882 0.1961 8.8977 2.0000 
456 457 4 -0.5293 0.3742 -14.1160 -0.5843 0.4415 -14.1653 0.1000 0.1000 0.5882 0.5882 0.1961 9.0355 2.0000 
457 458 4 -0.5843 0.4415 -14.1653 -0.6468 0.5010 -14.2159 0.1000 0.1000 0.5882 0.5882 0.1961 9.1752 2.0000 
458 459 4 -0.6468 0.5010 -14.2159 -0.7095 0.5624 -14.2638 0.1000 0.1000 0.5882 0.5882 0.1961 9.3168 2.0000 
459 460 4 -0.7095 0.5624 -14.2638 -0.7700 0.6231 -14.3153 0.1000 0.1000 0.5882 0.5882 0.1961 9.4604 2.0000 
460 461 4 -0.7700 0.6231 -14.3153 -0.8340 0.6876 -14.3571 0.1000 0.1000 0.5882 0.5882 0.1961 9.6059 2.0000 
461 462 4 -0.8340 0.6876 -14.3571 -0.8964 0.7537 -14.3987 0.1000 0.1000 0.5882 0.5882 0.1961 9.7536 2.0000 
462 463 4 -0.8964 0.7537 -14.3987 -0.9570 0.8204 -14.4422 0.1000 0.1000 0.5882 0.5882 0.1961 9.9033 2.0000 
463 464 4 -0.9570 0.8204 -14.4422 -1.0167 0.8845 -14.4903 0.1000 0.0999 0.5882 0.5882 0.1961 10.0553 2.0000 
464 465 4 -1.0167 0.8845 -14.4903 -1.0745 0.9467 -14.5430 0.1000 0.1000 0.5882 0.5882 0.1961 10.2095 2.0000 
465 466 4 -1.0745 0.9467 -14.5430 -1.1322 1.0089 -14.5959 0.1000 0.1000 0.5882 0.5882 0.1961 10.3660 2.0000 
466 467 4 -1.1322 1.0089 -14.5959 -1.1885 1.0666 -14.6551 0.1000 0.1000 0.5882 0.5882 0.1961 10.5250 2.0000 
467 468 4 -1.1885 1.0666 -14.6551 -1.2427 1.1246 -14.7160 0.1000 0.1000 0.5882 0.5882 0.1961 10.6864 2.0000 
468 469 4 -1.2427 1.1246 -14.7160 -1.2933 1.1823 -14.7801 0.1000 0.1000 0.5882 0.5882 0.1961 10.8503 2.0000 
469 470 4 -1.2933 1.1823 -14.7801 -1.3376 1.2407 -14.8481 0.1000 0.1000 0.5882 0.5882 0.1961 11.0169 2.0000 
470 471 4 -1.3376 1.2407 -14.8481 -1.3814 1.3025 -14.9134 0.1000 0.1000 0.5882 0.5882 0.1961 11.1862 2.0000 
471 472 4 -1.3814 1.3025 -14.9134 -1.4238 1.3611 -14.9824 0.1000 0.1000 0.5882 0.5882 0.1961 11.3583 2.0000 
472 473 4 -1.4238 1.3611 -14.9824 -1.4756 1.4116 -15.0515 0.1000 0.1000 0.5882 0.5882 0.1961 11.5333 2.0000 
473 474 4 -1.4756 1.4116 -15.0515 -1.5292 1.4563 -15.1230 0.1000 0.1000 0.5882 0.5882 0.1961 11.7113 2.0000 
474 475 4 -1.5292 1.4563 -15.1230 -1.5870 1.5019 -15.1908 0.1000 0.1000 0.5882 0.5882 0.1961 11.8925 2.0000 
475 476 4 -1.5870 1.5019 -15.1908 -1.6447 1.5500 -15.2567 0.1000 0.1000 0.5882 0.5882 0.1961 12.0768 2.0000 
476 477 4 -1.6447 1.5500 -15.2567 -1.7041 1.5947 -15.3237 0.1000 0.1000 0.5882 0.5882 0.1961 12.2644 2.0000 
477 478 4 -1.7041 1.5947 -15.3237 -1.7694 1.6440 -15.3811 0.1000 0.1000 0.5882 0.5882 0.1961 12.4556 2.0000 
478 479 4 -1.7694 1.6440 -15.3811 -1.8356 1.6877 -15.4420 0.1000 0.1000 0.5882 0.5882 0.1961 12.6503 2.0000 
479 480 4 -1.8356 1.6877 -15.4420 -1.9017 1.7322 -15.5025 0.1000 0.1000 0.5882 0.5882 0.1961 12.8487 2.0000 
480 481 4 -1.9017 1.7322 -15.5025 -1.9676 1.7768 -15.5630 0.1000 0.1000 0.5882 0.5882 0.1961 13.0510 2.0000 
481 482 4 -1.9676 1.7768 -15.5630 -2.0353 1.8211 -15.6218 0.1000 0.1000 0.5882 0.5882 0.1961 13.2573 2.0000 
482 483 4 -2.0353 1.8211 -15.6218 -2.0970 1.8659 -15.6865 0.1000 0.1000 0.5882 0.5882 0.1961 13.4678 2.0000 
483 484 4 -2.0970 1.8659 -15.6865 -2.1587 1.9118 -15.7504 0.1000 0.1000 0.5882 0.5882 0.1961 13.6826 2.0000 
484 485 4 -2.1587 1.9118 -15.7504 -2.2204 1.9576 -15.8144 0.1000 0.1000 0.5882 0.5882 0.1961 13.9020 2.0000 
485 486 4 -2.2204 1.9576 -15.8144 -2.2811 2.0007 -15.8812 0.1000 0.1000 0.5882 0.5882 0.1961 14.1261 2.0000 
486 487 4 -2.2811 2.0007 -15.8812 -2.3454 2.0430 -15.9450 0.1000 0.1000 0.5882 0.5882 0.1961 14.3552 2.0000 
487 488 4 -2.3454 2.0430 -15.9450 -2.4133 2.0861 -16.0044 0.1000 0.1000 0.5882 0.5882 0.1961 14.5894 2.0000 
488 489 4 -2.4133 2.0861 -16.0044 -2.4837 2.1281 -16.0617 0.1000 0.1000 0.5882 0.5882 0.1961 14.8290 2.0000 
489 490 4 -2.4837 2.1281 -16.0617 -2.5531 2.1698 -16.1205 0.1000 0.1000 0.5882 0.5882 0.1961 15.0743 2.0000 
490 491 4 -2.5531 2.1698 -16.1205 -2.6098 2.2151 -16.1892 0.1000 0.1000 0.5882 0.5882 0.1961 15.3256 2.0000 
491 492 4 -2.6098 2.2151 -16.1892 -2.6666 2.2604 -16.2580 0.1000 0.1000 0.5882 0.5882 0.1961 15.5830 2.0000 
492 493 4 -2.6666 2.2604 -16.2580 -2.7236 2.3048 -16.3271 0.1000 0.1000 0.5882 0.5882 0.1961 15.8470 2.0000 
493 494 4 -2.7236 2.3048 -16.3271 -2.7689 2.3572 -16.3992 0.1000 0.1000 0.5882 0.5882 0.1961 16.1179 2.0000 
494 495 4 -2.7689 2.3572 -16.3992 -2.8094 2.4039 -16.4778 0.1000 0.1000 0.5882 0.5882 0.1961 16.3961 2.0000 
495 496 4 -2.8094 2.4039 -16.4778 -2.8444 2.4506 -16.5590 0.1000 0.1000 0.5882 0.5882 0.1961 16.6819 2.0000 
496 497 4 -2.8444 2.4506 -16.5590 -2.8782 2.4901 -16.6444 0.1000 0.1000 0.5882 0.5882 0.1961 16.9758 2.0000 
497 498 4 -2.8782 2.4901 -16.6444 -2.9171 2.5228 -16.7306 0.1000 0.1000 0.5882 0.5882 0.1961 17.2783 2.0000 
498 499 4 -2.9171 2.5228 -16.7306 -2.9449 2.5573 -16.8202 0.1000 0.1000 0.5882 0.5882 0.1961 17.5898 2.0000 
499 500 4 -2.9449 2.5573 -16.8202 -2.9721 2.5903 -16.9106 0.1000 0.1000 0.5882 0.5882 0.1961 17.9110 2.0000 
500 501 4 -2.9721 2.5903 -16.9106 -2.9972 2.6216 -17.0022 0.1000 0.1000 0.5882 0.5882 0.1961 18.2424 2.0000 
501 502 4 -2.9972 2.6216 -17.0022 -3.0167 2.6514 -17.0957 0.1000 0.1000 0.5882 0.5882 0.1961 18.5848 2.0000 
502 503 4 -3.0167 2.6514 -17.0957 -3.0373 2.6817 -17.1887 0.1000 0.1000 0.5882 0.5882 0.1961 18.9389 2.0000 
503 504 4 -3.0373 2.6817 -17.1887 -3.0596 2.7147 -17.2804 0.1000 0.1000 0.5882 0.5882 0.1961 19.3054 2.0000 
504 505 4 -3.0596 2.7147 -17.2804 -3.0859 2.7502 -17.3701 0.1000 0.1000 0.5882 0.5882 0.1961 19.6853 2.0000 
505 506 4 -3.0859 2.7502 -17.3701 -3.1074 2.7793 -17.4416 0.1000 0.0801 0.5882 0.5882 0.1961 20.0000 2.0000 
506 507 5 1.2284 -1.2042 -16.8139 1.1665 -1.2726 -16.8525 0.1000 0.1000 0.5882 0.5882 0.1961 7.6341 2.0000 
507 508 5 1.1665 -1.2726 -16.8525 1.1006 -1.3390 -16.8878 0.1000 0.1000 0.5882 0.5882 0.1961 7.7356 2.0000 
508 509 5 1.1006 -1.3390 -16.8878 1.0349 -1.4057 -16.9230 0.1000 0.1000 0.5882 0.5882 0.1961 7.8381 2.0000 
509 510 5 1.0349 -1.4057 -16.9230 0.9640 -1.4689 -16.9542 0.1000 0.1000 0.5882 0.5882 0.1961 7.9416 2.0000 
510 511 5 0.9640 -1.4689 -16.9542 0.8932 -1.5276 -16.9934 0.1000 0.1000 0.5882 0.5882 0.1961 8.0461 2.0000 
511 512 5 0.8932 -1.5276 -16.9934 0.8208 -1.5874 -17.0279 0.1000 0.1000 0.5882 0.5882 0.1961 8.1517 2.0000 
512 513 5 0.8208 -1.5874 -17.0279 0.7455 -1.6417 -17.0650 0.1000 0.1000 0.5882 0.5882 0.1961 8.2584 2.0000 
513 514 5 0.7455 -1.6417 -17.0650 0.6766 -1.7020 -17.1053 0.1000 0.1000 0.5882 0.5882 0.1961 8.3662 2.0000 
514 515 5 0.6766 -1.7020 -17.1053 0.6122 -1.7661 -17.1469 0.1000 0.1000 0.5882 0.5882 0.1961 8.4751 2.0000 
515 516 5 0.6122 -1.7661 -17.1469 0.5469 -1.8285 -17.1899 0.1000 0.1000 0.5882 0.5882 0.1961 8.5852 2.0000 
516 517 5 0.5469 -1.8285 -17.1899 0.4829 -1.8891 -17.2371 0.1000 0.1000 0.5882 0.5882 0.1961 8.6964 2.0000 
517 518 5 0.4829 -1.8891 -17.2371 0.4193 -1.9490 -17.2858 0.1000 0.1000 0.5882 0.5882 0.1961 8.8089 2.0000 
518 519 5 0.4193 -1.9490 -17.2858 0.3568 -2.0062 -17.3390 0.1000 0.1000 0.5882 0.5882 0.1961 8.9225 2.0000 
519 520 5 0.3568 -2.0062 -17.3390 0.2925 -2.0561 -17.3970 0.1000 0.1000 0.5882 0.5882 0.1961 9.0375 2.0000 
520 521 5 0.2925 -2.0561 -17.3970 0.2302 -2.1062 -17.4571 0.1000 0.1000 0.5882 0.5882 0.1961 9.1537 2.0000 
521 522 5 0.2302 -2.1062 -17.4571 0.1718 -2.1585 -17.5192 0.1000 0.1000 0.5882 0.5882 0.1961 9.2713 2.0000 
522 523 5 0.1718 -2.1585 -17.5192 0.1137 -2.2110 -17.5814 0.1000 0.1000 0.5882 0.5882 0.1961 9.3902 2.0000 
523 524 5 0.1137 -2.2110 -17.5814 0.0577 -2.2645 -17.6446 0.1000 0.1000 0.5882 0.5882 0.1961 9.5104 2.0000 
524 525 5 0.0577 -2.2645 -17.6446 0.0058 -2.3222 -17.7077 0.1000 0.1000 0.5882 0.5882 0.1961 9.6321 2.0000 
525 526 5 0.0058 -2.3222 -17.7077 -0.0500 -2.3790 -17.7681 0.1000 0.1000 0.5882 0.5882 0.1961 9.7552 2.0000 
526 527 5 -0.0500 -2.3790 -17.7681 -0.1116 -2.4375 -17.8209 0.1000 0.1000 0.5882 0.5882 0.1961 9.8799 2.0000 
527 528 5 -0.1116 -2.4375 -17.8209 -0.1726 -2.4963 -17.8740 0.1000 0.1000 0.5882 0.5882 0.1961 10.0060 2.0000 
528 529 5 -0.1726 -2.4963 -17.8740 -0.2264 -2.5593 -17.9300 0.1000 0.1000 0.5882 0.5882 0.1961 10.1336 2.0000 
529 530 5 -0.2264 -2.5593 -17.9300 -0.2823 -2.6224 -17.9838 0.1000 0.1000 0.5882 0.5882 0.1961 10.2629 2.0000 
530 531 5 -0.2823 -2.6224 -17.9838 -0.3370 -2.6874 -18.0366 0.1000 0.1000 0.5882 0.5882 0.1961 10.3938 2.0000 
531 532 5 -0.3370 -2.6874 -18.0366 -0.3896 -2.7540 -18.0895 0.1000 0.1000 0.5882 0.5882 0.1961 10.5263 2.0000 
532 533 5 -0.3896 -2.7540 -18.0895 -0.4422 -2.8206 -18.1424 0.1000 0.1000 0.5882 0.5882 0.1961 10.6606 2.0000 
533 534 5 -0.4422 -2.8206 -18.1424 -0.4982 -2.8850 -18.1945 0.1000 0.1000 0.5882 0.5882 0.1961 10.7966 2.0000 
534 535 5 -0.4982 -2.8850 -18.1945 -0.5537 -2.9501 -18.2463 0.1000 0.1000 0.5882 0.5882 0.1961 10.9345 2.0000 
535 536 5 -0.5537 -2.9501 -18.2463 -0.6106 -3.0133 -18.2990 0.1000 0.1000 0.5882 0.5882 0.1961 11.0742 2.0000 
536 537 5 -0.6106 -3.0133 -18.2990 -0.6690 -3.0765 -18.3499 0.1000 0.1000 0.5882 0.5882 0.1961 11.2158 2.0000 
537 538 5 -0.6690 -3.0765 -18.3499 -0.7293 -3.1371 -18.4017 0.1000 0.1000 0.5882 0.5882 0.1961 11.3593 2.0000 
538 539 5 -0.7293 -3.1371 -18.4017 -0.7938 -3.1963 -18.4501 0.1000 0.1000 0.5882 0.5882 0.1961 11.5049 2.0000 
539 540 5 -0.7938 -3.1963 -18.4501 -0.8603 -3.2558 -18.4952 0.1000 0.1000 0.5882 0.5882 0.1961 11.6525 2.0000 
540 541 5 -0.8603 -3.2558 -18.4952 -0.9250 -3.3154 -18.5427 0.1000 0.1000 0.5882 0.5882 0.1961 11.8023 2.0000 
541 542 5 -0.9250 -3.3154 -18.5427 -0.9941 -3.3738 -18.5853 0.1000 0.1000 0.5882 0.5882 0.1961 11.9542 2.0000 
542 543 5 -0.9941 -3.3738 -18.5853 -1.0672 -3.4237 -18.6319 0.1000 0.1000 0.5882 0.5882 0.1961 12.1084 2.0000 
543 544 5 -1.0672 -3.4237 -18.6319 -1.1376 -3.4714 -18.6844 0.1000 0.1000 0.5882 0.5882 0.1961 12.2650 2.0000 
544 545 5 -1.1376 -3.4714 -18.6844 -1.1979 -3.5217 -18.7464 0.1000 0.1000 0.5882 0.5882 0.1961 12.4239 2.0000 
545 546 5 -1.1979 -3.5217 -18.7464 -1.2491 -3.5672 -18.8193 0.1000 0.1000 0.5882 0.5882 0.1961 12.5853 2.0000 
546 547 5 -1.2491 -3.5672 -18.8193 -1.3014 -3.6108 -18.8925 0.1000 0.1000 0.5882 0.5882 0.1961 12.7493 2.0000 
547 548 5 -1.3014 -3.6108 -18.8925 -1.3585 -3.6576 -18.9599 0.1000 0.1000 0.5882 0.5882 0.1961 12.9159 2.0000 
548 549 5 -1.3585 -3.6576 -18.9599 -1.4128 -3.7010 -19.0318 0.1000 0.1000 0.5882 0.5882 0.1961 13.0852 2.0000 
549 550 5 -1.4128 -3.7010 -19.0318 -1.4690 -3.7439 -19.1025 0.1000 0.1000 0.5882 0.5882 0.1961 13.2573 2.0000 
550 551 5 -1.4690 -3.7439 -19.1025 -1.5246 -3.7897 -19.1719 0.1000 0.1000 0.5882 0.5882 0.1961 13.4323 2.0000 
551 552 5 -1.5246 -3.7897 -19.1719 -1.5802 -3.8365 -19.2406 0.1000 0.1000 0.5882 0.5882 0.1961 13.6103 2.0000 
552 553 5 -1.5802 -3.8365 -19.2406 -1.6360 -3.8831 -19.3093 0.1000 0.1000 0.5882 0.5882 0.1961 13.7914 2.0000 
553 554 5 -1.6360 -3.8831 -19.3093 -1.6955 -3.9272 -19.3765 0.1000 0.1000 0.5882 0.5882 0.1961 13.9757 2.0000 
554 555 5 -1.6955 -3.9272 -19.3765 -1.7557 -3.9695 -19.4442 0.1000 0.1000 0.5882 0.5882 0.1961 14.1634 2.0000 
555 556 5 -1.7557 -3.9695 -19.4442 -1.8159 -4.0119 -19.5119 0.1000 0.1000 0.5882 0.5882 0.1961 14.3545 2.0000 
556 557 5 -1.8159 -4.0119 -19.5119 -1.8761 -4.0544 -19.5795 0.1000 0.1000 0.5882 0.5882 0.1961 14.5492 2.0000 
557 558 5 -1.8761 -4.0544 -19.5795 -1.9349 -4.0968 -19.6483 0.1000 0.1000 0.5882 0.5882 0.1961 14.7476 2.0000 
558 559 5 -1.9349 -4.0968 -19.6483 -1.9974 -4.1381 -19.7146 0.1000 0.1000 0.5882 0.5882 0.1961 14.9499 2.0000 
559 560 5 -1.9974 -4.1381 -19.7146 -2.0584 -4.1787 -19.7826 0.1000 0.1000 0.5882 0.5882 0.1961 15.1562 2.0000 
560 561 5 -2.0584 -4.1787 -19.7826 -2.1220 -4.2159 -19.8503 0.1000 0.1000 0.5882 0.5882 0.1961 15.3667 2.0000 
561 562 5 -2.1220 -4.2159 -19.8503 -2.1852 -4.2514 -19.9192 0.1000 0.1000 0.5882 0.5882 0.1961 15.5815 2.0000 
562 563 5 -2.1852 -4.2514 -19.9192 -2.2468 -4.2853 -19.9902 0.1000 0.1000 0.5882 0.5882 0.1961 15.8009 2.0000 
563 564 5 -2.2468 -4.2853 -19.9902 -2.2990 -4.3145 -20.0704 0.1000 0.1000 0.5882 0.5882 0.1961 16.0250 2.0000 
564 565 5 -2.2990 -4.3145 -20.0704 -2.3474 -4.3394 -20.1542 0.1000 0.1000 0.5882 0.5882 0.1961 16.2541 2.0000 
565 566 5 -2.3474 -4.3394 -20.1542 -2.3965 -4.3629 -20.2382 0.1000 0.1000 0.5882 0.5882 0.1961 16.4883 2.0000 
566 567 5 -2.3965 -4.3629 -20.2382 -2.4447 -4.3837 -20.3232 0.1000 0.1000 0.5882 0.5882 0.1961 16.7280 2.0000 
567 568 5 -2.4447 -4.3837 -20.3232 -2.4909 -4.4117 -20.4074 0.1000 0.1000 0.5882 0.5882 0.1961 16.9733 2.0000 
568 569 5 -2.4909 -4.4117 -20.4074 -2.5368 -4.4407 -20.4914 0.1000 0.1000 0.5882 0.5882 0.1961 17.2245 2.0000 
569 570 5 -2.5368 -4.4407 -20.4914 -2.5852 -4.4706 -20.5736 0.1000 0.1000 0.5882 0.5882 0.1961 17.4820 2.0000 
570 571 5 -2.5852 -4.4706 -20.5736 -2.6320 -4.4979 -20.6577 0.1000 0.1000 0.5882 0.5882 0.1961 17.7460 2.0000 
571 572 5 -2.6320 -4.4979 -20.6577 -2.6788 -4.5253 -20.7417 0.1000 0.1000 0.5882 0.5882 0.1961 18.0169 2.0000 
572 573 5 -2.6788 -4.5253 -20.7417 -2.7241 -4.5540 -20.8261 0.1000 0.1000 0.5882 0.5882 0.1961 18.2950 2.0000 
573 574 5 -2.7241 -4.5540 -20.8261 -2.7695 -4.5817 -20.9108 0.1000 0.1000 0.5882 0.5882 0.1961 18.5809 2.0000 
574 575 5 -2.7695 -4.5817 -20.9108 -2.8106 -4.6123 -20.9967 0.1000 0.1000 0.5882 0.5882 0.1961 18.8748 2.0000 
575 576 5 -2.8106 -4.6123 -20.9967 -2.8580 -4.6403 -21.0802 0.1000 0.1000 0.5882 0.5882 0.1961 19.1772 2.0000 
576 577 5 -2.8580 -4.6403 -21.0802 -2.9043 -4.6715 -21.1631 0.1000 0.1000 0.5882 0.5882 0.1961 19.4888 2.0000 
577 578 5 -2.9043 -4.6715 -21.1631 -2.9502 -4.7033 -21.2461 0.1000 0.1000 0.5882 0.5882 0.1961 19.8100 2.0000 
578 579 5 -2.9502 -4.7033 -21.2461 -2.9733 -4.7184 -21.2968 0.1000 0.0577 0.5882 0.5882 0.1961 20.0000 2.0000 
579 580 6 1.1663 -1.0911 -20.4328 1.2103 -1.0039 -20.4542 0.1000 0.1000 0.5882 0.5882 0.1961 9.7870 2.0000 
580 581 6 1.2103 -1.0039 -20.4542 1.2525 -0.9170 -20.4802 0.1000 0.1000 0.5882 0.5882 0.1961 9.8885 2.0000 
581 582 6 1.2525 -0.9170 -20.4802 1.2867 -0.8275 -20.5086 0.1000 0.1000 0.5882 0.5882 0.1961 9.9909 2.0000 
582 583 6 1.2867 -0.8275 -20.5086 1.3209 -0.7378 -20.5366 0.1000 0.1000 0.5882 0.5882 0.1961 10.0944 2.0000 
583 584 6 1.3209 -0.7378 -20.5366 1.3563 -0.6488 -20.5652 0.1000 0.1000 0.5882 0.5882 0.1961 10.1989 2.0000 
584 585 6 1.3563 -0.6488 -20.5652 1.3874 -0.5593 -20.5974 0.1000 0.1000 0.5882 0.5882 0.1961 10.3045 2.0000 
585 586 6 1.3874 -0.5593 -20.5974 1.4215 -0.4685 -20.6218 0.1000 0.1000 0.5882 0.5882 0.1961 10.4112 2.0000 
586 587 6 1.4215 -0.4685 -20.6218 1.4549 -0.3789 -20.6511 0.1000 0.1000 0.5882 0.5882 0.1961 10.5190 2.0000 
587 588 6 1.4549 -0.3789 -20.6511 1.4794 -0.2873 -20.6827 0.1000 0.1000 0.5882 0.5882 0.1961 10.6279 2.0000 
588 589 6 1.4794 -0.2873 -20.6827 1.5060 -0.1958 -20.7132 0.1000 0.1000 0.5882 0.5882 0.1961 10.7380 2.0000 
589 590 6 1.5060 -0.1958 -20.7132 1.5296 -0.1037 -20.7439 0.1000 0.1000 0.5882 0.5882 0.1961 10.8492 2.0000 
590 591 6 1.5296 -0.1037 -20.7439 1.5525 -0.0133 -20.7802 0.1000 0.1000 0.5882 0.5882 0.1961 10.9617 2.0000 
591 592 6 1.5525 -0.0133 -20.7802 1.5704 0.0777 -20.8175 0.1000 0.1000 0.5882 0.5882 0.1961 11.0754 2.0000 
592 593 6 1.5704 0.0777 -20.8175 1.5957 0.1708 -20.8439 0.1000 0.1000 0.5882 0.5882 0.1961 11.1903 2.0000 
593 594 6 1.5957 0.1708 -20.8439 1.6279 0.2612 -20.8719 0.1000 0.1000 0.5882 0.5882 0.1961 11.3066 2.0000 
594 595 6 1.6279 0.2612 -20.8719 1.6587 0.3507 -20.9042 0.1000 0.1000 0.5882 0.5882 0.1961 11.4241 2.0000 
595 596 6 1.6587 0.3507 -20.9042 1.6842 0.4408 -20.9392 0.1000 0.1000 0.5882 0.5882 0.1961 11.5430 2.0000 
596 597 6 1.6842 0.4408 -20.9392 1.7069 0.5320 -20.9736 0.1000 0.1000 0.5882 0.5882 0.1961 11.6633 2.0000 
597 598 6 1.7069 0.5320 -20.9736 1.7217 0.6230 -21.0121 0.1000 0.1000 0.5882 0.5882 0.1961 11.7850 2.0000 
598 599 6 1.7217 0.6230 -21.0121 1.7400 0.7117 -21.0545 0.1000 0.1000 0.5882 0.5882 0.1961 11.9081 2.0000 
599 600 6 1.7400 0.7117 -21.0545 1.7518 0.7958 -21.1074 0.1000 0.1000 0.5882 0.5882 0.1961 12.0327 2.0000 
600 601 6 1.7518 0.7958 -21.1074 1.7607 0.8797 -21.1611 0.1000 0.1000 0.5882 0.5882 0.1961 12.1588 2.0000 
601 602 6 1.7607 0.8797 -21.1611 1.7621 0.9647 -21.2138 0.1000 0.1000 0.5882 0.5882 0.1961 12.2865 2.0000 
602 603 6 1.7621 0.9647 -21.2138 1.7598 1.0492 -21.2672 0.1000 0.1000 0.5882 0.5882 0.1961 12.4157 2.0000 
603 604 6 1.7598 1.0492 -21.2672 1.7574 1.1341 -21.3200 0.1000 0.1000 0.5882 0.5882 0.1961 12.5466 2.0000 
604 605 6 1.7574 1.1341 -21.3200 1.7594 1.2176 -21.3749 0.1000 0.1000 0.5882 0.5882 0.1961 12.6792 2.0000 
605 606 6 1.7594 1.2176 -21.3749 1.7695 1.3002 -21.4305 0.1000 0.1000 0.5882 0.5882 0.1961 12.8134 2.0000 
606 607 6 1.7695 1.3002 -21.4305 1.7800 1.3822 -21.4867 0.1000 0.1000 0.5882 0.5882 0.1961 12.9495 2.0000 
607 608 6 1.7800 1.3822 -21.4867 1.7921 1.4635 -21.5436 0.1000 0.1000 0.5882 0.5882 0.1961 13.0873 2.0000 
608 609 6 1.7921 1.4635 -21.5436 1.8055 1.5431 -21.6027 0.1000 0.1000 0.5882 0.5882 0.1961 13.2270 2.0000 
609 610 6 1.8055 1.5431 -21.6027 1.8205 1.6223 -21.6618 0.1000 0.1000 0.5882 0.5882 0.1961 13.3686 2.0000 
610 611 6 1.8205 1.6223 -21.6618 1.8339 1.7002 -21.7230 0.1000 0.1000 0.5882 0.5882 0.1961 13.5122 2.0000 
611 612 6 1.8339 1.7002 -21.7230 1.8473 1.7782 -21.7842 0.1000 0.1000 0.5882 0.5882 0.1961 13.6577 2.0000 
612 613 6 1.8473 1.7782 -21.7842 1.8607 1.8557 -21.8459 0.1000 0.1000 0.5882 0.5882 0.1961 13.8054 2.0000 
613 614 6 1.8607 1.8557 -21.8459 1.8780 1.9370 -21.9016 0.1000 0.1000 0.5882 0.5882 0.1961 13.9551 2.0000 
614 615 6 1.8780 1.9370 -21.9016 1.8973 2.0160 -21.9597 0.1000 0.1000 0.5882 0.5882 0.1961 14.1071 2.0000 
615 616 6 1.8973 2.0160 -21.9597 1.9157 2.0908 -22.0235 0.1000 0.1000 0.5882 0.5882 0.1961 14.2613 2.0000 
616 617 6 1.9157 2.0908 -22.0235 1.9405 2.1614 -22.0899 0.1000 0.1000 0.5882 0.5882 0.1961 14.4178 2.0000 
617 618 6 1.9405 2.1614 -22.0899 1.9607 2.2340 -22.1557 0.1000 0.1000 0.5882 0.5882 0.1961 14.5768 2.0000 
618 619 6 1.9607 2.2340 -22.1557 1.9775 2.3041 -22.2249 0.1000 0.1000 0.5882 0.5882 0.1961 14.7382 2.0000 
619 620 6 1.9775 2.3041 -22.2249 1.9934 2.3734 -22.2953 0.1000 0.1000 0.5882 0.5882 0.1961 14.9021 2.0000 
620 621 6 1.9934 2.3734 -22.2953 2.0087 2.4483 -22.3596 0.1000 0.1000 0.5882 0.5882 0.1961 15.0687 2.0000 
621 622 6 2.0087 2.4483 -22.3596 2.0236 2.5231 -22.4244 0.1000 0.1000 0.5882 0.5882 0.1961 15.2380 2.0000 
622 623 6 2.0236 2.5231 -22.4244 2.0393 2.5974 -22.4894 0.1000 0.1000 0.5882 0.5882 0.1961 15.4101 2.0000 
623 624 6 2.0393 2.5974 -22.4894 2.0676 2.6715 -22.5503 0.1000 0.1000 0.5882 0.5882 0.1961 15.5851 2.0000 
624 625 6 2.0676 2.6715 -22.5503 2.0954 2.7456 -22.6114 0.1000 0.1000 0.5882 0.5882 0.1961 15.7631 2.0000 
625 626 6 2.0954 2.7456 -22.6114 2.1215 2.8176 -22.6757 0.1000 0.1000 0.5882 0.5882 0.1961 15.9442 2.0000 
626 627 6 2.1215 2.8176 -22.6757 2.1491 2.8933 -22.7350 0.1000 0.1000 0.5882 0.5882 0.1961 16.1286 2.0000 
627 628 6 2.1491 2.8933 -22.7350 2.1774 2.9680 -22.7952 0.1000 0.1000 0.5882 0.5882 0.1961 16.3162 2.0000 
628 629 6 2.1774 2.9680 -22.7952 2.2057 3.0426 -22.8554 0.1000 0.1000 0.5882 0.5882 0.1961 16.5073 2.0000 
629 630 6 2.2057 3.0426 -22.8554 2.2347 3.1164 -22.9164 0.1000 0.1000 0.5882 0.5882 0.1961 16.7020 2.0000 
630 631 6 2.2347 3.1164 -22.9164 2.2630 3.1905 -22.9772 0.1000 0.1000 0.5882 0.5882 0.1961 16.9005 2.0000 
631 632 6 2.2630 3.1905 -22.9772 2.2921 3.2639 -23.0386 0.1000 0.1000 0.5882 0.5882 0.1961 17.1028 2.0000 
632 633 6 2.2921 3.2639 -23.0386 2.3132 3.3376 -23.1028 0.1000 0.1000 0.5882 0.5882 0.1961 17.3091 2.0000 
633 634 6 2.3132 3.3376 -23.1028 2.3329 3.4114 -23.1674 0.1000 0.1000 0.5882 0.5882 0.1961 17.5195 2.0000 
634 635 6 2.3329 3.4114 -23.1674 2.3544 3.4862 -23.2302 0.1000 0.1000 0.5882 0.5882 0.1961 17.7344 2.0000 
635 636 6 2.3544 3.4862 -23.2302 2.3810 3.5614 -23.2905 0.1000 0.1000 0.5882 0.5882 0.1961 17.9538 2.0000 
636 637 6 2.3810 3.5614 -23.2905 2.4076 3.6366 -23.3508 0.1000 0.1000 0.5882 0.5882 0.1961 18.1779 2.0000 
637 638 6 2.4076 3.6366 -23.3508 2.4341 3.7078 -23.4158 0.1000 0.1000 0.5882 0.5882 0.1961 18.4070 2.0000 
638 639 6 2.4341 3.7078 -23.4158 2.4602 3.7789 -23.4811 0.1000 0.1000 0.5882 0.5882 0.1961 18.6412 2.0000 
639 640 6 2.4602 3.7789 -23.4811 2.4843 3.8447 -23.5525 0.1000 0.1000 0.5882 0.5882 0.1961 18.8808 2.0000 
640 641 6 2.4843 3.8447 -23.5525 2.5070 3.9166 -23.6181 0.1000 0.1000 0.5882 0.5882 0.1961 19.1261 2.0000 
641 642 6 2.5070 3.9166 -23.6181 2.5272 3.9885 -23.6847 0.1000 0.1000 0.5882 0.5882 0.1961 19.3774 2.0000 
642 643 6 2.5272 3.9885 -23.6847 2.5468 4.0598 -23.7519 0.1000 0.1000 0.5882 0.5882 0.1961 19.6348 2.0000 
643 644 6 2.5468 4.0598 -23.7519 2.5665 4.1334 -23.8167 0.1000 0.1000 0.5882 0.5882 0.1961 19.8988 2.0000 
644 645 6 2.5665 4.1334 -23.8167 2.5729 4.1590 -23.8435 0.1000 0.0377 0.5882 0.5882 0.1961 20.0000 2.0000 
645 646 7 0.9042 -0.6586 -24.0230 0.8122 -0.6251 -24.0433 0.1000 0.1000 0.5882 0.5882 0.1961 12.2723 2.0000 
646 647 7 0.8122 -0.6251 -24.0433 0.7201 -0.5917 -24.0636 0.1000 0.1000 0.5882 0.5882 0.1961 12.3737 2.0000 
647 648 7 0.7201 -0.5917 -24.0636 0.6275 -0.5593 -24.0828 0.1000 0.1000 0.5882 0.5882 0.1961 12.4762 2.0000 
648 649 7 0.6275 -0.5593 -24.0828 0.5361 -0.5242 -24.1032 0.1000 0.1000 0.5882 0.5882 0.1961 12.5797 2.0000 
649 650 7 0.5361 -0.5242 -24.1032 0.4427 -0.4917 -24.1185 0.1000 0.1000 0.5882 0.5882 0.1961 12.6842 2.0000 
650 651 7 0.4427 -0.4917 -24.1185 0.3484 -0.4619 -24.1325 0.1000 0.1000 0.5882 0.5882 0.1961 12.7898 2.0000 
651 652 7 0.3484 -0.4619 -24.1325 0.2555 -0.4278 -24.1470 0.1000 0.1000 0.5882 0.5882 0.1961 12.8965 2.0000 
652 653 7 0.2555 -0.4278 -24.1470 0.1626 -0.3935 -24.1615 0.1000 0.1000 0.5882 0.5882 0.1961 13.0043 2.0000 
653 654 7 0.1626 -0.3935 -24.1615 0.0708 -0.3572 -24.1769 0.1000 0.1000 0.5882 0.5882 0.1961 13.1132 2.0000 
654 655 7 0.0708 -0.3572 -24.1769 -0.0215 -0.3215 -24.1916 0.1000 0.1000 0.5882 0.5882 0.1961 13.2233 2.0000 
655 656 7 -0.0215 -0.3215 -24.1916 -0.1137 -0.2854 -24.2059 0.1000 0.1000 0.5882 0.5882 0.1961 13.3345 2.0000 
656 657 7 -0.1137 -0.2854 -24.2059 -0.2060 -0.2496 -24.2194 0.1000 0.1000 0.5882 0.5882 0.1961 13.4470 2.0000 
657 658 7 -0.2060 -0.2496 -24.2194 -0.2980 -0.2128 -24.2333 0.1000 0.1000 0.5882 0.5882 0.1961 13.5607 2.0000 
658 659 7 -0.2980 -0.2128 -24.2333 -0.3868 -0.1714 -24.2531 0.1000 0.1000 0.5882 0.5882 0.1961 13.6756 2.0000 
659 660 7 -0.3868 -0.1714 -24.2531 -0.4750 -0.1292 -24.2741 0.1000 0.1000 0.5882 0.5882 0.1961 13.7918 2.0000 
660 661 7 -0.4750 -0.1292 -24.2741 -0.5618 -0.0874 -24.3009 0.1000 0.1000 0.5882 0.5882 0.1961 13.9094 2.0000 
661 662 7 -0.5618 -0.0874 -24.3009 -0.6475 -0.0459 -24.3316 0.1000 0.1000 0.5882 0.5882 0.1961 14.0283 2.0000 
662 663 7 -0.6475 -0.0459 -24.3316 -0.7330 -0.0054 -24.3639 0.1000 0.1000 0.5882 0.5882 0.1961 14.1486 2.0000 
663 664 7 -0.7330 -0.0054 -24.3639 -0.8167 0.0401 -24.3942 0.1000 0.1000 0.5882 0.5882 0.1961 14.2702 2.0000 
664 665 7 -0.8167 0.0401 -24.3942 -0.8994 0.0871 -24.4252 0.1000 0.1000 0.5882 0.5882 0.1961 14.3934 2.0000 
665 666 7 -0.8994 0.0871 -24.4252 -0.9835 0.1269 -24.4619 0.1000 0.1000 0.5882 0.5882 0.1961 14.5180 2.0000 
666 667 7 -0.9835 0.1269 -24.4619 -1.0660 0.1663 -24.5023 0.1000 0.1000 0.5882 0.5882 0.1961 14.6441 2.0000 
667 668 7 -1.0660 0.1663 -24.5023 -1.1494 0.2063 -24.5403 0.1000 0.1000 0.5882 0.5882 0.1961 14.7718 2.0000 
668 669 7 -1.1494 0.2063 -24.5403 -1.2311 0.2478 -24.5803 0.1000 0.1000 0.5882 0.5882 0.1961 14.9010 2.0000 
669 670 7 -1.2311 0.2478 -24.5803 -1.3072 0.2948 -24.6251 0.1000 0.1000 0.5882 0.5882 0.1961 15.0319 2.0000 
670 671 7 -1.3072 0.2948 -24.6251 -1.3828 0.3420 -24.6705 0.1000 0.1000 0.5882 0.5882 0.1961 15.1645 2.0000 
671 672 7 -1.3828 0.3420 -24.6705 -1.4597 0.3921 -24.7101 0.1000 0.1000 0.5882 0.5882 0.1961 15.2987 2.0000 
672 673 7 -1.4597 0.3921 -24.7101 -1.5397 0.4435 -24.7411 0.1000 0.1000 0.5882 0.5882 0.1961 15.4348 2.0000 
673 674 7 -1.5397 0.4435 -24.7411 -1.6185 0.4927 -24.7780 0.1000 0.1000 0.5882 0.5882 0.1961 15.5726 2.0000 
674 675 7 -1.6185 0.4927 -24.7780 -1.6970 0.5422 -24.8153 0.1000 0.1000 0.5882 0.5882 0.1961 15.7123 2.0000 
675 676 7 -1.6970 0.5422 -24.8153 -1.7758 0.5909 -24.8529 0.1000 0.1000 0.5882 0.5882 0.1961 15.8539 2.0000 
676 677 7 -1.7758 0.5909 -24.8529 -1.8558 0.6405 -24.8867 0.1000 0.1000 0.5882 0.5882 0.1961 15.9974 2.0000 
677 678 7 -1.8558 0.6405 -24.8867 -1.9324 0.6915 -24.9260 0.1000 0.1000 0.5882 0.5882 0.1961 16.1430 2.0000 
678 679 7 -1.9324 0.6915 -24.9260 -2.0050 0.7483 -24.9646 0.1000 0.1000 0.5882 0.5882 0.1961 16.2906 2.0000 
679 680 7 -2.0050 0.7483 -24.9646 -2.0743 0.8049 -25.0094 0.1000 0.1000 0.5882 0.5882 0.1961 16.4404 2.0000 
680 681 7 -2.0743 0.8049 -25.0094 -2.1464 0.8595 -25.0520 0.1000 0.1000 0.5882 0.5882 0.1961 16.5923 2.0000 
681 682 7 -2.1464 0.8595 -25.0520 -2.2130 0.9157 -25.1011 0.1000 0.1000 0.5882 0.5882 0.1961 16.7466 2.0000 
682 683 7 -2.2130 0.9157 -25.1011 -2.2703 0.9735 -25.1591 0.1000 0.1000 0.5882 0.5882 0.1961 16.9031 2.0000 
683 684 7 -2.2703 0.9735 -25.1591 -2.3306 1.0289 -25.2166 0.1000 0.1000 0.5882 0.5882 0.1961 17.0620 2.0000 
684 685 7 -2.3306 1.0289 -25.2166 -2.3926 1.0853 -25.2711 0.1000 0.1000 0.5882 0.5882 0.1961 17.2234 2.0000 
685 686 7 -2.3926 1.0853 -25.2711 -2.4520 1.1419 -25.3283 0.1000 0.1000 0.5882 0.5882 0.1961 17.3874 2.0000 
686 687 7 -2.4520 1.1419 -25.3283 -2.5047 1.1949 -25.3946 0.1000 0.1000 0.5882 0.5882 0.1961 17.5540 2.0000 
687 688 7 -2.5047 1.1949 -25.3946 -2.5566 1.2512 -25.4590 0.1000 0.1000 0.5882 0.5882 0.1961 17.7233 2.0000 
688 689 7 -2.5566 1.2512 -25.4590 -2.6068 1.3092 -25.5232 0.1000 0.1000 0.5882 0.5882 0.1961 17.8954 2.0000 
689 690 7 -2.6068 1.3092 -25.5232 -2.6541 1.3650 -25.5913 0.1000 0.1000 0.5882 0.5882 0.1961 18.0704 2.0000 
690 691 7 -2.6541 1.3650 -25.5913 -2.7009 1.4202 -25.6603 0.1000 0.1000 0.5882 0.5882 0.1961 18.2484 2.0000 
691 692 7 -2.7009 1.4202 -25.6603 -2.7513 1.4723 -25.7293 0.1000 0.1000 0.5882 0.5882 0.1961 18.4295 2.0000 
692 693 7 -2.7513 1.4723 -25.7293 -2.8123 1.5285 -25.7851 0.1000 0.1000 0.5882 0.5882 0.1961 18.6138 2.0000 
693 694 7 -2.8123 1.5285 -25.7851 -2.8823 1.5760 -25.8385 0.1000 0.1000 0.5882 0.5882 0.1961 18.8015 2.0000 
694 695 7 -2.8823 1.5760 -25.8385 -2.9507 1.6272 -25.8904 0.1000 0.1000 0.5882 0.5882 0.1961 18.9926 2.0000 
695 696 7 -2.9507 1.6272 -25.8904 -3.0185 1.6787 -25.9428 0.1000 0.1000 0.5882 0.5882 0.1961 19.1873 2.0000 
696 697 7 -3.0185 1.6787 -25.9428 -3.0953 1.7295 -25.9819 0.1000 0.1000 0.5882 0.5882 0.1961 19.3857 2.0000 
697 698 7 -3.0953 1.7295 -25.9819 -3.1732 1.7786 -26.0209 0.1000 0.1000 0.5882 0.5882 0.1961 19.5880 2.0000 
698 699 7 -3.1732 1.7786 -26.0209 -3.2544 1.8237 -26.0579 0.1000 0.1000 0.5882 0.5882 0.1961 19.7943 2.0000 
699 700 7 -3.2544 1.8237 -26.0579 -3.3315 1.8699 -26.0963 0.1000 0.0977 0.5882 0.5882 0.1961 20.0000 2.0000 
700 701 8 0.5205 -0.4436 -27.6114 0.5901 -0.4966 -27.6598 0.1000 0.1000 0.5882 0.5882 0.1961 15.2117 2.0000 
701 702 8 0.5901 -0.4966 -27.6598 0.6650 -0.5450 -27.7051 0.1000 0.1000 0.5882 0.5882 0.1961 15.3132 2.0000 
702 703 8 0.6650 -0.5450 -27.7051 0.7363 -0.5960 -27.7532 0.1000 0.1000 0.5882 0.5882 0.1961 15.4157 2.0000 
703 704 8 0.7363 -0.5960 -27.7532 0.8089 -0.6465 -27.7999 0.1000 0.1000 0.5882 0.5882 0.1961 15.5191 2.0000 
704 705 8 0.8089 -0.6465 -27.7999 0.8847 -0.6915 -27.8471 0.1000 0.1000 0.5882 0.5882 0.1961 15.6237 2.0000 
705 706 8 0.8847 -0.6915 -27.8471 0.9538 -0.7328 -27.9064 0.1000 0.1000 0.5882 0.5882 0.1961 15.7293 2.0000 
706 707 8 0.9538 -0.7328 -27.9064 1.0226 -0.7690 -27.9693 0.1000 0.1000 0.5882 0.5882 0.1961 15.8360 2.0000 
707 708 8 1.0226 -0.7690 -27.9693 1.0928 -0.8043 -28.0312 0.1000 0.1000 0.5882 0.5882 0.1961 15.9437 2.0000 
708 709 8 1.0928 -0.8043 -28.0312 1.1622 -0.8415 -28.0928 0.1000 0.1000 0.5882 0.5882 0.1961 16.0527 2.0000 
709 710 8 1.1622 -0.8415 -28.0928 1.2313 -0.8874 -28.1486 0.1000 0.1000 0.5882 0.5882 0.1961 16.1627 2.0000 
710 711 8 1.2313 -0.8874 -28.1486 1.3027 -0.9264 -28.2068 0.1000 0.1000 0.5882 0.5882 0.1961 16.2740 2.0000 
711 712 8 1.3027 -0.9264 -28.2068 1.3742 -0.9650 -28.2651 0.1000 0.1000 0.5882 0.5882 0.1961 16.3864 2.0000 
712 713 8 1.3742 -0.9650 -28.2651 1.4451 -1.0041 -28.3238 0.1000 0.1000 0.5882 0.5882 0.1961 16.5001 2.0000 
713 714 8 1.4451 -1.0041 -28.3238 1.5147 -1.0422 -28.3847 0.1000 0.1000 0.5882 0.5882 0.1961 16.6151 2.0000 
714 715 8 1.5147 -1.0422 -28.3847 1.5826 -1.0828 -28.4458 0.1000 0.1000 0.5882 0.5882 0.1961 16.7313 2.0000 
715 716 8 1.5826 -1.0828 -28.4458 1.6478 -1.1202 -28.5118 0.1000 0.1000 0.5882 0.5882 0.1961 16.8489 2.0000 
716 717 8 1.6478 -1.1202 -28.5118 1.7079 -1.1571 -28.5826 0.1000 0.1000 0.5882 0.5882 0.1961 16.9677 2.0000 
717 718 8 1.7079 -1.1571 -28.5826 1.7681 -1.1940 -28.6535 0.1000 0.1000 0.5882 0.5882 0.1961 17.0880 2.0000 
718 719 8 1.7681 -1.1940 -28.6535 1.8290 -1.2293 -28.7245 0.1000 0.1000 0.5882 0.5882 0.1961 17.2097 2.0000 
719 720 8 1.8290 -1.2293 -28.7245 1.8909 -1.2537 -28.7992 0.1000 0.1000 0.5882 0.5882 0.1961 17.3328 2.0000 
720 721 8 1.8909 -1.2537 -28.7992 1.9536 -1.2771 -28.8735 0.1000 0.1000 0.5882 0.5882 0.1961 17.4574 2.0000 
721 722 8 1.9536 -1.2771 -28.8735 2.0145 -1.3015 -28.9489 0.1000 0.1000 0.5882 0.5882 0.1961 17.5835 2.0000 
722 723 8 2.0145 -1.3015 -28.9489 2.0777 -1.3233 -29.0233 0.1000 0.1000 0.5882 0.5882 0.1961 17.7112 2.0000 
723 724 8 2.0777 -1.3233 -29.0233 2.1441 -1.3484 -29.0937 0.1000 0.1000 0.5882 0.5882 0.1961 17.8405 2.0000 
724 725 8 2.1441 -1.3484 -29.0937 2.2082 -1.3681 -29.1680 0.1000 0.1000 0.5882 0.5882 0.1961 17.9714 2.0000 
725 726 8 2.2082 -1.3681 -29.1680 2.2692 -1.3890 -29.2444 0.1000 0.1000 0.5882 0.5882 0.1961 18.1039 2.0000 
726 727 8 2.2692 -1.3890 -29.2444 2.3280 -1.4113 -29.3221 0.1000 0.1000 0.5882 0.5882 0.1961 18.2382 2.0000 
727 728 8 2.3280 -1.4113 -29.3221 2.3919 -1.4358 -29.3950 0.1000 0.1000 0.5882 0.5882 0.1961 18.3742 2.0000 
728 729 8 2.3919 -1.4358 -29.3950 2.4560 -1.4599 -29.4679 0.1000 0.1000 0.5882 0.5882 0.1961 18.5120 2.0000 
729 730 8 2.4560 -1.4599 -29.4679 2.5203 -1.4830 -29.5409 0.1000 0.1000 0.5882 0.5882 0.1961 18.6517 2.0000 
730 731 8 2.5203 -1.4830 -29.5409 2.5826 -1.5059 -29.6157 0.1000 0.1000 0.5882 0.5882 0.1961 18.7933 2.0000 
731 732 8 2.5826 -1.5059 -29.6157 2.6396 -1.5296 -29.6944 0.1000 0.1000 0.5882 0.5882 0.1961 18.9369 2.0000 
732 733 8 2.6396 -1.5296 -29.6944 2.6983 -1.5495 -29.7728 0.1000 0.1000 0.5882 0.5882 0.1961 19.0824 2.0000 
733 734 8 2.6983 -1.5495 -29.7728 2.7527 -1.5758 -29.8525 0.1000 0.1000 0.5882 0.5882 0.1961 19.2301 2.0000 
734 735 8 2.7527 -1.5758 -29.8525 2.8091 -1.6012 -29.9311 0.1000 0.1000 0.5882 0.5882 0.1961 19.3798 2.0000 
735 736 8 2.8091 -1.6012 -29.9311 2.8634 -1.6289 -30.0104 0.1000 0.1000 0.5882 0.5882 0.1961 19.5318 2.0000 
736 737 8 2.8634 -1.6289 -30.0104 2.9183 -1.6585 -30.0886 0.1000 0.1000 0.5882 0.5882 0.1961 19.6860 2.0000 
737 738 8 2.9183 -1.6585 -30.0886 2.9709 -1.6910 -30.1671 0.1000 0.1000 0.5882 0.5882 0.1961 19.8426 2.0000 
738 739 8 2.9709 -1.6910 -30.1671 3.0252 -1.7191 -30.2451 0.1000 0.0991 0.5882 0.5882 0.1961 20.0000 2.0000 
739 740 9 0.3568 -0.3021 -31.2105 0.3945 -0.3905 -31.2380 0.1000 0.1000 0.5882 0.5882 0.1961 18.8093 2.0000 
740 741 9 0.3945 -0.3905 -31.2380 0.4430 -0.4764 -31.2545 0.1000 0.1000 0.5882 0.5882 0.1961 18.9108 2.0000 
741 742 9 0.4430 -0.4764 -31.2545 0.4949 -0.5612 -31.2653 0.1000 0.1000 0.5882 0.5882 0.1961 19.0133 2.0000 
742 743 9 0.4949 -0.5612 -31.2653 0.5468 -0.6460 -31.2760 0.1000 0.1000 0.5882 0.5882 0.1961 19.1168 2.0000 
743 744 9 0.5468 -0.6460 -31.2760 0.5964 -0.7325 -31.2838 0.1000 0.1000 0.5882 0.5882 0.1961 19.2213 2.0000 
744 745 9 0.5964 -0.7325 -31.2838 0.6450 -0.8193 -31.2938 0.1000 0.1000 0.5882 0.5882 0.1961 19.3269 2.0000 
745 746 9 0.6450 -0.8193 -31.2938 0.6938 -0.9059 -31.3044 0.1000 0.1000 0.5882 0.5882 0.1961 19.4336 2.0000 
746 747 9 0.6938 -0.9059 -31.3044 0.7506 -0.9878 -31.3134 0.1000 0.1000 0.5882 0.5882 0.1961 19.5413 2.0000 
747 748 9 0.7506 -0.9878 -31.3134 0.8071 -1.0697 -31.3226 0.1000 0.1000 0.5882 0.5882 0.1961 19.6503 2.0000 
748 749 9 0.8071 -1.0697 -31.3226 0.8640 -1.1517 -31.3290 0.1000 0.1000 0.5882 0.5882 0.1961 19.7603 2.0000 
749 750 9 0.8640 -1.1517 -31.3290 0.9160 -1.2368 -31.3364 0.1000 0.1000 0.5882 0.5882 0.1961 19.8716 2.0000 
750 751 9 0.9160 -1.2368 -31.3364 0.9648 -1.3233 -31.3482 0.1000 0.1000 0.5882 0.5882 0.1961 19.9840 2.0000 
751 752 9 0.9648 -1.3233 -31.3482 0.9717 -1.3355 -31.3500 0.1000 0.0141 0.5882 0.5882 0.1961 20.0000 2.0000 
