node1ID node2ID branchID x1 y1 z1 x2 y2 z2 radius length R G B time type 
0 1 0 0.0000 0.0000 -3.0000 0.3811 0.2659 -3.0827 0.1451 0.4720 0.0000 0.0000 205.0000 0.1563 1.0000 
1 2 0 0.3811 0.2659 -3.0827 0.8233 0.5980 -3.1873 0.1451 0.5628 0.0000 0.0000 205.0000 0.3433 1.0000 
2 3 0 0.8233 0.5980 -3.1873 1.2384 0.8465 -3.3091 0.1451 0.4989 0.0000 0.0000 205.0000 0.5095 1.0000 
3 4 0 1.2384 0.8465 -3.3091 1.6264 1.0889 -3.4287 0.1451 0.4729 0.0000 0.0000 205.0000 0.6674 1.0000 
4 5 0 1.6264 1.0889 -3.4287 1.9974 1.3251 -3.5382 0.1451 0.4532 0.0000 0.0000 205.0000 0.8193 1.0000 
5 6 0 1.9974 1.3251 -3.5382 2.4665 1.6466 -3.6967 0.1451 0.5903 0.0000 0.0000 205.0000 1.1556 1.0000 
6 7 0 2.4665 1.6466 -3.6967 2.8982 1.8806 -3.8706 0.1451 0.5209 0.0000 0.0000 205.0000 1.1932 1.0000 
7 8 0 2.8982 1.8806 -3.8706 3.3066 2.1301 -4.0203 0.1451 0.5014 0.0000 0.0000 205.0000 1.3627 1.0000 
8 9 0 3.3066 2.1301 -4.0203 3.7074 2.3762 -4.1608 0.1451 0.4909 0.0000 0.0000 205.0000 1.5291 1.0000 
9 10 0 3.7074 2.3762 -4.1608 4.1217 2.6480 -4.3446 0.1451 0.5285 0.0000 0.0000 205.0000 1.7088 1.0000 
10 11 0 4.1217 2.6480 -4.3446 4.4895 2.8736 -4.5354 0.1451 0.4718 0.0000 0.0000 205.0000 1.8696 1.0000 
11 12 0 4.4895 2.8736 -4.5354 5.2179 3.3218 -4.9380 0.1451 0.9453 0.0000 0.0000 205.0000 2.2122 1.0000 
12 13 0 5.2179 3.3218 -4.9380 5.6390 3.6485 -5.1960 0.1451 0.5921 0.0000 0.0000 205.0000 2.3971 1.0000 
13 14 0 5.6390 3.6485 -5.1960 6.0441 3.9273 -5.4275 0.1451 0.5435 0.0000 0.0000 205.0000 2.5847 1.0000 
14 15 0 6.0441 3.9273 -5.4275 6.4098 4.1819 -5.6366 0.1451 0.4922 0.0000 0.0000 205.0000 2.7550 1.0000 
15 16 0 6.4098 4.1819 -5.6366 6.6914 4.4363 -5.9061 0.1451 0.4655 0.0000 0.0000 205.0000 2.9166 1.0000 
16 17 0 6.6914 4.4363 -5.9061 7.2718 4.9014 -6.4409 0.1451 0.9161 0.0000 0.0000 205.0000 3.2660 1.0000 
17 18 0 7.2718 4.9014 -6.4409 7.5541 5.1274 -6.7334 0.1451 0.4651 0.0000 0.0000 205.0000 3.3997 1.0000 
18 19 0 7.5541 5.1274 -6.7334 7.9053 5.4048 -7.0750 0.1451 0.5631 0.0000 0.0000 205.0000 3.5974 1.0000 
19 20 0 7.9053 5.4048 -7.0750 8.2570 5.6217 -7.3690 0.1451 0.5071 0.0000 0.0000 205.0000 3.7759 1.0000 
20 21 0 8.2570 5.6217 -7.3690 8.5901 5.8167 -7.6355 0.1451 0.4691 0.0000 0.0000 205.0000 3.9416 1.0000 
21 22 0 8.5901 5.8167 -7.6355 8.9533 6.0378 -7.9388 0.1451 0.5223 0.0000 0.0000 205.0000 4.2966 1.0000 
22 23 0 8.9533 6.0378 -7.9388 9.2379 6.2641 -8.2903 0.1451 0.5056 0.0000 0.0000 205.0000 4.3066 1.0000 
23 24 0 9.2379 6.2641 -8.2903 9.6538 6.5449 -8.6971 0.1451 0.6461 0.0000 0.0000 205.0000 4.5370 1.0000 
24 25 0 9.6538 6.5449 -8.6971 9.9984 6.7757 -9.0347 0.1451 0.5348 0.0000 0.0000 205.0000 4.7283 1.0000 
25 26 0 9.9984 6.7757 -9.0347 10.3558 7.0053 -9.3966 0.1451 0.5580 0.0000 0.0000 205.0000 4.9287 1.0000 
26 27 0 10.3558 7.0053 -9.3966 10.6827 7.2240 -9.7541 0.1451 0.5315 0.0000 0.0000 205.0000 5.2895 1.0000 
27 28 0 10.6827 7.2240 -9.7541 11.0069 7.3908 -10.0779 0.1451 0.4876 0.0000 0.0000 205.0000 5.2964 1.0000 
28 29 0 11.0069 7.3908 -10.0779 11.3551 7.5675 -10.4541 0.1451 0.5422 0.0000 0.0000 205.0000 5.4930 1.0000 
29 30 0 11.3551 7.5675 -10.4541 11.7294 7.7170 -10.8161 0.1451 0.5418 0.0000 0.0000 205.0000 5.6901 1.0000 
30 31 0 11.7294 7.7170 -10.8161 12.0980 7.8802 -11.2468 0.1451 0.5899 0.0000 0.0000 205.0000 5.9054 1.0000 
31 32 0 12.0980 7.8802 -11.2468 12.3985 8.0145 -11.6061 0.1451 0.4873 0.0000 0.0000 205.0000 6.2723 1.0000 
32 33 0 12.3985 8.0145 -11.6061 12.7105 8.1677 -11.9848 0.1451 0.5140 0.0000 0.0000 205.0000 6.2727 1.0000 
33 34 0 12.7105 8.1677 -11.9848 13.0264 8.3276 -12.3247 0.1451 0.4908 0.0000 0.0000 205.0000 6.4536 1.0000 
34 35 0 13.0264 8.3276 -12.3247 13.4156 8.5033 -12.7504 0.1451 0.6030 0.0000 0.0000 205.0000 6.6766 1.0000 
35 36 0 13.4156 8.5033 -12.7504 13.7688 8.6630 -13.1359 0.1451 0.5466 0.0000 0.0000 205.0000 6.8795 1.0000 
36 37 0 13.7688 8.6630 -13.1359 14.3830 8.8983 -13.8252 0.1451 0.9528 0.0000 0.0000 205.0000 7.2532 1.0000 
37 38 0 14.3830 8.8983 -13.8252 14.6117 8.9954 -14.1559 0.1451 0.4136 0.0000 0.0000 205.0000 7.3907 1.0000 
38 39 0 14.6117 8.9954 -14.1559 14.9080 9.1181 -14.5580 0.1451 0.5144 0.0000 0.0000 205.0000 7.5840 1.0000 
39 40 0 14.9080 9.1181 -14.5580 15.1494 9.2080 -14.8984 0.1451 0.4269 0.0000 0.0000 205.0000 7.7448 1.0000 
40 41 0 15.1494 9.2080 -14.8984 15.3989 9.3555 -15.3502 0.1451 0.5367 0.0000 0.0000 205.0000 7.9476 1.0000 
41 42 0 15.3989 9.3555 -15.3502 15.6072 9.4973 -15.7509 0.1451 0.4733 0.0000 0.0000 205.0000 8.3275 1.0000 
42 43 0 15.6072 9.4973 -15.7509 15.8424 9.6047 -16.2152 0.1451 0.5314 0.0000 0.0000 205.0000 8.3293 1.0000 
43 44 0 15.8424 9.6047 -16.2152 16.0784 9.7114 -16.6810 0.1451 0.5330 0.0000 0.0000 205.0000 8.5327 1.0000 
44 45 0 16.0784 9.7114 -16.6810 16.2110 9.8185 -17.0152 0.1451 0.3751 0.0000 0.0000 205.0000 8.6763 1.0000 
45 46 0 16.2110 9.8185 -17.0152 16.3101 10.0101 -17.5057 0.1451 0.5359 0.0000 0.0000 205.0000 8.8821 1.0000 
46 47 0 16.3101 10.0101 -17.5057 16.4990 10.3074 -18.4399 0.1451 0.9983 0.0000 0.0000 205.0000 9.2680 1.0000 
47 48 0 16.4990 10.3074 -18.4399 16.5079 10.3242 -18.4969 0.1451 0.0601 0.0000 0.0000 205.0000 9.2913 1.0000 
48 49 0 16.5079 10.3242 -18.4969 16.5698 10.4417 -18.9387 0.1451 0.4613 0.0000 0.0000 205.0000 9.4702 1.0000 
49 50 0 16.5698 10.4417 -18.9387 16.6387 10.5785 -19.4734 0.1451 0.5562 0.0000 0.0000 205.0000 9.6867 1.0000 
50 51 0 16.6387 10.5785 -19.4734 16.6625 10.7392 -20.0458 0.1451 0.5949 0.0000 0.0000 205.0000 9.9192 1.0000 
51 52 0 16.6625 10.7392 -20.0458 16.6688 10.9641 -21.0183 0.1451 0.9982 0.0000 0.0000 205.0000 10.3121 1.0000 
52 53 0 16.6688 10.9641 -21.0183 16.6688 10.9713 -21.0502 0.1451 0.0327 0.0000 0.0000 205.0000 10.3250 1.0000 
53 54 0 16.6688 10.9713 -21.0502 16.6705 11.0711 -21.5225 0.1451 0.4827 0.0000 0.0000 205.0000 10.5156 1.0000 
54 55 0 16.6705 11.0711 -21.5225 16.6702 11.1983 -22.1044 0.1451 0.5957 0.0000 0.0000 205.0000 10.7516 1.0000 
55 56 0 16.6702 11.1983 -22.1044 16.6638 11.3082 -22.5613 0.1451 0.4700 0.0000 0.0000 205.0000 10.9385 1.0000 
56 57 0 16.6638 11.3082 -22.5613 16.6445 11.5173 -23.5390 0.1451 0.9999 0.0000 0.0000 205.0000 11.3382 1.0000 
57 58 0 16.6445 11.5173 -23.5390 16.6444 11.5182 -23.5437 0.1451 0.0048 0.0000 0.0000 205.0000 11.3402 1.0000 
58 59 0 16.6444 11.5182 -23.5437 16.6839 11.5760 -24.0138 0.1451 0.4752 0.0000 0.0000 205.0000 11.5311 1.0000 
59 60 0 16.6839 11.5760 -24.0138 16.6944 11.6266 -24.5028 0.1451 0.4917 0.0000 0.0000 205.0000 11.7292 1.0000 
60 61 0 16.6944 11.6266 -24.5028 16.7040 11.6706 -24.9656 0.1451 0.4650 0.0000 0.0000 205.0000 11.9173 1.0000 
61 62 0 16.7040 11.6706 -24.9656 16.7007 11.7460 -25.9626 0.1451 0.9999 0.0000 0.0000 205.0000 12.3239 1.0000 
62 63 0 16.7007 11.7460 -25.9626 16.6989 11.7846 -26.4669 0.1451 0.5058 0.0000 0.0000 205.0000 12.5305 1.0000 
63 64 0 16.6989 11.7846 -26.4669 16.6961 11.8246 -26.9689 0.1451 0.5036 0.0000 0.0000 205.0000 12.7369 1.0000 
64 65 0 16.6961 11.8246 -26.9689 16.6902 11.8437 -27.4179 0.1451 0.4495 0.0000 0.0000 205.0000 12.9218 1.0000 
65 66 0 16.6902 11.8437 -27.4179 16.6873 11.8549 -28.4174 0.1451 0.9996 0.0000 0.0000 205.0000 13.3353 1.0000 
66 67 0 16.6873 11.8549 -28.4174 16.6873 11.8549 -28.4230 0.1451 0.0056 0.0000 0.0000 205.0000 13.3376 1.0000 
67 68 0 16.6873 11.8549 -28.4230 16.6897 11.8528 -28.9718 0.1451 0.5488 0.0000 0.0000 205.0000 13.5658 1.0000 
68 69 0 16.6897 11.8528 -28.9718 16.6633 11.8550 -29.4388 0.1451 0.4677 0.0000 0.0000 205.0000 13.7609 1.0000 
69 70 0 16.6633 11.8550 -29.4388 16.6389 11.8708 -29.9576 0.1451 0.5195 0.0000 0.0000 205.0000 13.9784 1.0000 
70 71 0 16.6389 11.8708 -29.9576 16.6613 11.8893 -30.9566 0.1451 0.9995 0.0000 0.0000 205.0000 14.4000 1.0000 
71 72 0 16.6613 11.8893 -30.9566 16.6715 11.8985 -31.3660 0.1451 0.4096 0.0000 0.0000 205.0000 14.5733 1.0000 
72 73 0 16.6715 11.8985 -31.3660 16.6686 11.9080 -31.7676 0.1451 0.4017 0.0000 0.0000 205.0000 14.7437 1.0000 
73 74 0 16.6686 11.9080 -31.7676 16.6580 11.9167 -32.1945 0.1451 0.4272 0.0000 0.0000 205.0000 14.9255 1.0000 
74 75 0 16.6580 11.9167 -32.1945 16.6498 11.9196 -32.3689 0.1451 0.1746 0.0000 0.0000 205.0000 15.0000 1.0000 
1 76 6 0.3811 0.2659 -3.0827 -0.3037 0.9805 -3.2114 0.0582 0.9981 238.0000 23.8000 0.0000 7.1980 2.0000 
76 77 6 -0.3037 0.9805 -3.2114 -0.9893 1.7009 -3.3024 0.0582 0.9986 238.0000 23.8000 0.0000 8.7658 2.0000 
77 78 6 -0.9893 1.7009 -3.3024 -1.6913 2.4059 -3.3963 0.0582 0.9993 238.0000 23.8000 0.0000 10.5406 2.0000 
78 79 6 -1.6913 2.4059 -3.3963 -2.3839 3.1204 -3.4944 0.0582 0.9999 238.0000 23.8000 0.0000 12.5889 2.0000 
79 80 6 -2.3839 3.1204 -3.4944 -3.0825 3.8277 -3.5949 0.0582 0.9992 238.0000 23.8000 0.0000 15.0000 2.0000 
2 81 7 0.8233 0.5980 -3.1873 0.2414 1.1849 -3.7403 0.0509 0.9944 238.0000 23.8000 0.0000 7.4009 2.0000 
81 82 7 0.2414 1.1849 -3.7403 -0.3673 1.7914 -4.2499 0.0509 0.9991 238.0000 23.8000 0.0000 8.9638 2.0000 
82 83 7 -0.3673 1.7914 -4.2499 -0.9527 2.4015 -4.7831 0.0509 0.9995 238.0000 23.8000 0.0000 10.7281 2.0000 
83 84 7 -0.9527 2.4015 -4.7831 -1.5230 3.0192 -5.3236 0.0509 0.9995 238.0000 23.8000 0.0000 12.7537 2.0000 
84 85 7 -1.5230 3.0192 -5.3236 -2.1039 3.5788 -5.8221 0.0509 0.9481 238.0000 23.8000 0.0000 15.0000 2.0000 
3 86 8 1.2384 0.8465 -3.3091 1.9805 0.2057 -3.1139 0.0517 0.9998 238.0000 23.8000 0.0000 7.5724 2.0000 
86 87 8 1.9805 0.2057 -3.1139 2.6973 -0.4581 -2.9033 0.0517 0.9994 238.0000 23.8000 0.0000 9.0950 2.0000 
87 88 8 2.6973 -0.4581 -2.9033 3.4259 -1.1202 -2.7747 0.0517 0.9929 238.0000 23.8000 0.0000 10.7745 2.0000 
88 89 8 3.4259 -1.1202 -2.7747 4.1510 -1.7946 -2.6408 0.0517 0.9993 238.0000 23.8000 0.0000 12.6482 2.0000 
89 90 8 4.1510 -1.7946 -2.6408 4.9175 -2.4117 -2.4807 0.0517 0.9969 238.0000 23.8000 0.0000 14.7670 2.0000 
90 91 8 4.9175 -2.4117 -2.4807 4.9973 -2.4733 -2.4638 0.0517 0.1022 238.0000 23.8000 0.0000 15.0000 2.0000 
4 92 9 1.6264 1.0889 -3.4287 1.4565 0.8101 -4.3696 0.0471 0.9959 238.0000 23.8000 0.0000 7.7634 2.0000 
92 93 9 1.4565 0.8101 -4.3696 1.2886 0.5320 -5.3153 0.0471 1.0000 238.0000 23.8000 0.0000 9.3464 2.0000 
93 94 9 1.2886 0.5320 -5.3153 1.0827 0.2635 -6.2562 0.0471 0.9999 238.0000 23.8000 0.0000 11.1552 2.0000 
94 95 9 1.0827 0.2635 -6.2562 0.8381 0.0261 -7.1960 0.0471 0.9997 238.0000 23.8000 0.0000 13.2631 2.0000 
95 96 9 0.8381 0.0261 -7.1960 0.6603 -0.1522 -7.8580 0.0471 0.7082 238.0000 23.8000 0.0000 15.0000 2.0000 
5 97 10 1.9974 1.3251 -3.5382 1.5815 1.9160 -4.2290 0.0474 0.9998 238.0000 23.8000 0.0000 7.9228 2.0000 
97 98 10 1.5815 1.9160 -4.2290 1.1406 2.4836 -4.9243 0.0474 0.9999 238.0000 23.8000 0.0000 9.4774 2.0000 
98 99 10 1.1406 2.4836 -4.9243 0.7203 3.0770 -5.6102 0.0474 0.9997 238.0000 23.8000 0.0000 11.2250 2.0000 
99 100 10 0.7203 3.0770 -5.6102 0.2589 3.6776 -6.2632 0.0474 0.9999 238.0000 23.8000 0.0000 13.2207 2.0000 
100 101 10 0.2589 3.6776 -6.2632 -0.1100 4.1538 -6.7569 0.0474 0.7788 238.0000 23.8000 0.0000 15.0000 2.0000 
6 102 11 2.4665 1.6466 -3.6967 2.9680 1.6154 -2.8322 0.0433 0.9999 238.0000 23.8000 0.0000 8.1595 2.0000 
102 103 11 2.9680 1.6154 -2.8322 3.5185 1.5794 -1.9999 0.0433 0.9985 238.0000 23.8000 0.0000 9.7795 2.0000 
103 104 11 3.5185 1.5794 -1.9999 4.0367 1.5344 -1.1462 0.0433 0.9997 238.0000 23.8000 0.0000 11.6693 2.0000 
104 105 11 4.0367 1.5344 -1.1462 4.6266 1.5415 -0.3435 0.0433 0.9962 238.0000 23.8000 0.0000 13.9432 2.0000 
105 106 11 4.6266 1.5415 -0.3435 4.8473 1.5447 -0.0072 0.0433 0.4023 238.0000 23.8000 0.0000 15.0000 2.0000 
7 107 12 2.8982 1.8806 -3.8706 2.3622 2.6421 -3.5077 0.0487 0.9995 238.0000 23.8000 0.0000 8.3361 2.0000 
107 108 12 2.3622 2.6421 -3.5077 1.8081 3.3898 -3.1423 0.0487 0.9997 238.0000 23.8000 0.0000 9.8943 2.0000 
108 109 12 1.8081 3.3898 -3.1423 1.2219 4.1174 -2.7867 0.0487 0.9997 238.0000 23.8000 0.0000 11.6488 2.0000 
109 110 12 1.2219 4.1174 -2.7867 0.6412 4.8429 -2.4253 0.0487 0.9971 238.0000 23.8000 0.0000 13.6582 2.0000 
110 111 12 0.6412 4.8429 -2.4253 0.2942 5.2732 -2.2121 0.0487 0.5925 238.0000 23.8000 0.0000 15.0000 2.0000 
8 112 13 3.3066 2.1301 -4.0203 3.9340 1.6060 -3.4493 0.0397 0.9972 238.0000 23.8000 0.0000 8.5347 2.0000 
112 113 13 3.9340 1.6060 -3.4493 4.5646 1.0846 -2.8746 0.0397 0.9999 238.0000 23.8000 0.0000 10.1367 2.0000 
113 114 13 4.5646 1.0846 -2.8746 5.1849 0.5834 -2.2720 0.0397 0.9996 238.0000 23.8000 0.0000 11.9853 2.0000 
114 115 13 5.1849 0.5834 -2.2720 5.7826 0.0759 -1.6515 0.0397 0.9998 238.0000 23.8000 0.0000 14.1743 2.0000 
115 116 13 5.7826 0.0759 -1.6515 5.9958 -0.1047 -1.4707 0.0397 0.3329 238.0000 23.8000 0.0000 15.0000 2.0000 
9 117 14 3.7074 2.3762 -4.1608 4.1938 1.8145 -3.4927 0.0598 0.9992 238.0000 23.8000 0.0000 8.7173 2.0000 
117 118 14 4.1938 1.8145 -3.4927 4.7161 1.2631 -2.8427 0.0598 0.9997 238.0000 23.8000 0.0000 10.3158 2.0000 
118 119 14 4.7161 1.2631 -2.8427 5.2182 0.7252 -2.1656 0.0598 1.0000 238.0000 23.8000 0.0000 12.1574 2.0000 
119 120 14 5.2182 0.7252 -2.1656 5.7291 0.1975 -1.4876 0.0598 0.9996 238.0000 23.8000 0.0000 14.3294 2.0000 
120 121 14 5.7291 0.1975 -1.4876 5.8661 0.0394 -1.3098 0.0598 0.2745 238.0000 23.8000 0.0000 15.0000 2.0000 
10 122 15 4.1217 2.6480 -4.3446 3.8861 2.5218 -5.3078 0.0555 0.9996 238.0000 23.8000 0.0000 8.9078 2.0000 
122 123 15 3.8861 2.5218 -5.3078 3.6815 2.3688 -6.2740 0.0555 0.9994 238.0000 23.8000 0.0000 10.4775 2.0000 
123 124 15 3.6815 2.3688 -6.2740 3.4873 2.2204 -7.2427 0.0555 0.9990 238.0000 23.8000 0.0000 12.2577 2.0000 
124 125 15 3.4873 2.2204 -7.2427 3.2474 2.1017 -8.2059 0.0555 0.9997 238.0000 23.8000 0.0000 14.3104 2.0000 
125 126 15 3.2474 2.1017 -8.2059 3.1662 2.0750 -8.4966 0.0555 0.3030 238.0000 23.8000 0.0000 15.0000 2.0000 
11 127 16 4.4895 2.8736 -4.5354 4.6369 2.2207 -5.2783 0.0486 0.9999 238.0000 23.8000 0.0000 9.0785 2.0000 
127 128 16 4.6369 2.2207 -5.2783 4.7480 1.5695 -6.0283 0.0486 0.9995 238.0000 23.8000 0.0000 10.6194 2.0000 
128 129 16 4.7480 1.5695 -6.0283 4.8585 0.9366 -6.7945 0.0486 0.9999 238.0000 23.8000 0.0000 12.3384 2.0000 
129 130 16 4.8585 0.9366 -6.7945 4.9871 0.3138 -7.5655 0.0486 0.9994 238.0000 23.8000 0.0000 14.2896 2.0000 
130 131 16 4.9871 0.3138 -7.5655 5.0282 0.1079 -7.8257 0.0486 0.3344 238.0000 23.8000 0.0000 15.0000 2.0000 
12 132 17 5.2179 3.3218 -4.9380 4.4832 4.0071 -4.5469 0.0471 1.0781 238.0000 23.8000 0.0000 9.2785 2.0000 
132 133 17 4.4832 4.0071 -4.5469 4.0987 4.9190 -4.4119 0.0471 0.9989 238.0000 23.8000 0.0000 10.8771 2.0000 
133 134 17 4.0987 4.9190 -4.4119 3.7356 5.8397 -4.2790 0.0471 0.9986 238.0000 23.8000 0.0000 12.7187 2.0000 
134 135 17 3.7356 5.8397 -4.2790 3.3199 6.7414 -4.1720 0.0471 0.9986 238.0000 23.8000 0.0000 14.8896 2.0000 
135 136 17 3.3199 6.7414 -4.1720 3.2995 6.7825 -4.1668 0.0471 0.0462 238.0000 23.8000 0.0000 15.0000 2.0000 
12 137 18 5.2179 3.3218 -4.9380 5.1059 2.9102 -5.8415 0.0507 0.9991 238.0000 23.8000 0.0000 9.4470 2.0000 
137 138 18 5.1059 2.9102 -5.8415 5.0343 2.5339 -6.7650 0.0507 0.9998 238.0000 23.8000 0.0000 11.0334 2.0000 
138 139 18 5.0343 2.5339 -6.7650 4.9114 2.0959 -7.6538 0.0507 0.9984 238.0000 23.8000 0.0000 12.8453 2.0000 
139 140 18 4.9114 2.0959 -7.6538 4.7900 1.6846 -8.5571 0.0507 0.9999 238.0000 23.8000 0.0000 14.9599 2.0000 
140 141 18 4.7900 1.6846 -8.5571 4.7879 1.6776 -8.5728 0.0507 0.0174 238.0000 23.8000 0.0000 15.0000 2.0000 
13 142 19 5.6390 3.6485 -5.1960 5.0754 4.4704 -5.1178 0.0594 0.9996 238.0000 23.8000 0.0000 9.6722 2.0000 
142 143 19 5.0754 4.4704 -5.1178 4.5195 5.2977 -5.0402 0.0594 0.9998 238.0000 23.8000 0.0000 11.2578 2.0000 
143 144 19 4.5195 5.2977 -5.0402 4.0677 6.1887 -5.0500 0.0594 0.9991 238.0000 23.8000 0.0000 13.0722 2.0000 
144 145 19 4.0677 6.1887 -5.0500 3.6186 6.9877 -5.0316 0.0594 0.9167 238.0000 23.8000 0.0000 15.0000 2.0000 
14 146 20 6.0441 3.9273 -5.4275 6.7531 3.2272 -5.3449 0.0527 0.9999 238.0000 23.8000 0.0000 9.8823 2.0000 
146 147 20 6.7531 3.2272 -5.3449 7.4752 2.5434 -5.2446 0.0527 0.9994 238.0000 23.8000 0.0000 11.4786 2.0000 
147 148 20 7.4752 2.5434 -5.2446 8.1649 1.8234 -5.2559 0.0527 0.9972 238.0000 23.8000 0.0000 13.3185 2.0000 
148 149 20 8.1649 1.8234 -5.2559 8.7218 1.2596 -5.2732 0.0527 0.7926 238.0000 23.8000 0.0000 15.0000 2.0000 
15 150 21 6.4098 4.1819 -5.6366 6.2548 3.7809 -6.5395 0.0433 1.0000 238.0000 23.8000 0.0000 10.0707 2.0000 
150 151 21 6.2548 3.7809 -6.5395 6.0742 3.4157 -7.4518 0.0433 0.9992 238.0000 23.8000 0.0000 11.6669 2.0000 
151 152 21 6.0742 3.4157 -7.4518 5.8826 3.0350 -8.3561 0.0433 0.9998 238.0000 23.8000 0.0000 13.5033 2.0000 
152 153 21 5.8826 3.0350 -8.3561 5.7476 2.7634 -8.9989 0.0433 0.7107 238.0000 23.8000 0.0000 15.0000 2.0000 
16 154 22 6.6914 4.4363 -5.9061 6.3281 5.2867 -5.5257 0.0339 1.0000 238.0000 23.8000 0.0000 10.2702 2.0000 
154 155 22 6.3281 5.2867 -5.5257 5.9601 6.1610 -5.2142 0.0339 0.9984 238.0000 23.8000 0.0000 11.9464 2.0000 
155 156 22 5.9601 6.1610 -5.2142 5.5842 7.0062 -4.8362 0.0339 0.9993 238.0000 23.8000 0.0000 13.9671 2.0000 
156 157 22 5.5842 7.0062 -4.8362 5.4019 7.3781 -4.6956 0.0339 0.4374 238.0000 23.8000 0.0000 15.0000 2.0000 
17 158 23 7.2718 4.9014 -6.4409 6.2405 5.3873 -6.1537 0.0519 1.1756 238.0000 23.8000 0.0000 10.3882 2.0000 
158 159 23 6.2405 5.3873 -6.1537 5.5951 6.1494 -6.1906 0.0519 0.9993 238.0000 23.8000 0.0000 11.9456 2.0000 
159 160 23 5.5951 6.1494 -6.1906 4.9321 6.8960 -6.2043 0.0519 0.9986 238.0000 23.8000 0.0000 13.6985 2.0000 
160 161 23 4.9321 6.8960 -6.2043 4.5052 7.4058 -6.2290 0.0519 0.6654 238.0000 23.8000 0.0000 15.0000 2.0000 
17 162 24 7.2718 4.9014 -6.4409 6.4864 5.4921 -6.6192 0.0495 0.9988 238.0000 23.8000 0.0000 10.5857 2.0000 
162 163 24 6.4864 5.4921 -6.6192 5.7032 6.1046 -6.7238 0.0495 0.9998 238.0000 23.8000 0.0000 12.1207 2.0000 
163 164 24 5.7032 6.1046 -6.7238 4.9475 6.7400 -6.8811 0.0495 0.9997 238.0000 23.8000 0.0000 13.8213 2.0000 
164 165 24 4.9475 6.7400 -6.8811 4.4938 7.1763 -6.9165 0.0495 0.6304 238.0000 23.8000 0.0000 15.0000 2.0000 
18 166 25 7.5541 5.1274 -6.7334 7.4356 4.7479 -7.6509 0.0516 1.0000 238.0000 23.8000 0.0000 10.7779 2.0000 
166 167 25 7.4356 4.7479 -7.6509 7.2968 4.3284 -8.5477 0.0516 0.9997 238.0000 23.8000 0.0000 12.3530 2.0000 
167 168 25 7.2968 4.3284 -8.5477 7.2204 3.9093 -9.4513 0.0516 0.9990 238.0000 23.8000 0.0000 14.1498 2.0000 
168 169 25 7.2204 3.9093 -9.4513 7.1494 3.7591 -9.8471 0.0516 0.4293 238.0000 23.8000 0.0000 15.0000 2.0000 
19 170 26 7.9053 5.4048 -7.0750 8.1240 4.5394 -7.5203 0.0508 0.9975 238.0000 23.8000 0.0000 10.9959 2.0000 
170 171 26 8.1240 4.5394 -7.5203 8.2865 3.6749 -7.9831 0.0508 0.9939 238.0000 23.8000 0.0000 12.5674 2.0000 
171 172 26 8.2865 3.6749 -7.9831 8.4291 2.7902 -8.4253 0.0508 0.9993 238.0000 23.8000 0.0000 14.3507 2.0000 
172 173 26 8.4291 2.7902 -8.4253 8.4599 2.5101 -8.6012 0.0508 0.3322 238.0000 23.8000 0.0000 15.0000 2.0000 
20 174 27 8.2570 5.6217 -7.3690 8.9828 5.0911 -6.9313 0.0503 0.9999 238.0000 23.8000 0.0000 11.1941 2.0000 
174 175 27 8.9828 5.0911 -6.9313 9.7024 4.5460 -6.5022 0.0503 0.9996 238.0000 23.8000 0.0000 12.7641 2.0000 
175 176 27 9.7024 4.5460 -6.5022 10.4157 4.0000 -6.0637 0.0503 0.9996 238.0000 23.8000 0.0000 14.5437 2.0000 
176 177 27 10.4157 4.0000 -6.0637 10.5857 3.8731 -5.9609 0.0503 0.2357 238.0000 23.8000 0.0000 15.0000 2.0000 
21 178 28 8.5901 5.8167 -7.6355 8.9667 6.3623 -6.8900 0.0448 0.9976 238.0000 23.8000 0.0000 11.3736 2.0000 
178 179 28 8.9667 6.3623 -6.8900 9.3571 6.9080 -6.1495 0.0448 0.9992 238.0000 23.8000 0.0000 12.9324 2.0000 
179 180 28 9.3571 6.9080 -6.1495 9.7094 7.5126 -5.4377 0.0448 0.9982 238.0000 23.8000 0.0000 14.6885 2.0000 
180 181 28 9.7094 7.5126 -5.4377 9.7643 7.6135 -5.3198 0.0448 0.1646 238.0000 23.8000 0.0000 15.0000 2.0000 
22 182 29 8.9533 6.0378 -7.9388 8.5252 6.5822 -8.6596 0.0526 0.9996 238.0000 23.8000 0.0000 11.6008 2.0000 
182 183 29 8.5252 6.5822 -8.6596 8.0949 7.1410 -9.3685 0.0526 1.0000 238.0000 23.8000 0.0000 13.2423 2.0000 
183 184 29 8.0949 7.1410 -9.3685 7.6845 7.6688 -9.9918 0.0526 0.9140 238.0000 23.8000 0.0000 15.0000 2.0000 
23 185 30 9.2379 6.2641 -8.2903 9.4094 7.1470 -7.8536 0.0598 0.9998 238.0000 23.8000 0.0000 11.7777 2.0000 
185 186 30 9.4094 7.1470 -7.8536 9.6018 8.0264 -7.4194 0.0598 0.9995 238.0000 23.8000 0.0000 13.3349 2.0000 
186 187 30 9.6018 8.0264 -7.4194 9.8012 8.8598 -7.0017 0.0598 0.9533 238.0000 23.8000 0.0000 15.0000 2.0000 
24 188 31 9.6538 6.5449 -8.6971 10.3687 6.5641 -7.9985 0.0480 0.9997 238.0000 23.8000 0.0000 12.0433 2.0000 
188 189 31 10.3687 6.5641 -7.9985 11.1064 6.6524 -7.3315 0.0480 0.9985 238.0000 23.8000 0.0000 13.6343 2.0000 
189 190 31 11.1064 6.6524 -7.3315 11.6509 6.7347 -6.8049 0.0480 0.7619 238.0000 23.8000 0.0000 15.0000 2.0000 
25 191 32 9.9984 6.7757 -9.0347 9.8878 6.1801 -9.8299 0.0490 0.9996 238.0000 23.8000 0.0000 12.2489 2.0000 
191 192 32 9.8878 6.1801 -9.8299 9.7749 5.6381 -10.6623 0.0490 0.9997 238.0000 23.8000 0.0000 13.8168 2.0000 
192 193 32 9.7749 5.6381 -10.6623 9.7010 5.2628 -11.2259 0.0490 0.6811 238.0000 23.8000 0.0000 15.0000 2.0000 
26 194 33 10.3558 7.0053 -9.3966 9.8553 7.1088 -10.2558 0.0476 0.9997 238.0000 23.8000 0.0000 12.4776 2.0000 
194 195 33 9.8553 7.1088 -10.2558 9.3699 7.1785 -11.1272 0.0476 1.0000 238.0000 23.8000 0.0000 14.0719 2.0000 
195 196 33 9.3699 7.1785 -11.1272 9.0859 7.1623 -11.5693 0.0476 0.5257 238.0000 23.8000 0.0000 15.0000 2.0000 
27 197 34 10.6827 7.2240 -9.7541 11.1781 6.3674 -9.8977 0.0416 0.9999 238.0000 23.8000 0.0000 12.6895 2.0000 
197 198 34 11.1781 6.3674 -9.8977 11.6539 5.4975 -10.0258 0.0416 0.9998 238.0000 23.8000 0.0000 14.2804 2.0000 
198 199 34 11.6539 5.4975 -10.0258 11.8229 5.1220 -10.0414 0.0416 0.4121 238.0000 23.8000 0.0000 15.0000 2.0000 
28 200 35 11.0069 7.3908 -10.0779 11.7078 7.6189 -9.4060 0.0447 0.9973 238.0000 23.8000 0.0000 12.8749 2.0000 
200 201 35 11.7078 7.6189 -9.4060 12.4064 7.8665 -8.7349 0.0447 0.9999 238.0000 23.8000 0.0000 14.4282 2.0000 
201 202 35 12.4064 7.8665 -8.7349 12.6530 7.9702 -8.5225 0.0447 0.3416 238.0000 23.8000 0.0000 15.0000 2.0000 
29 203 36 11.3551 7.5675 -10.4541 10.5965 7.0736 -10.8779 0.0487 0.9995 238.0000 23.8000 0.0000 13.1109 2.0000 
203 204 36 10.5965 7.0736 -10.8779 9.8211 6.5725 -11.2599 0.0487 0.9990 238.0000 23.8000 0.0000 14.7268 2.0000 
204 205 36 9.8211 6.5725 -11.2599 9.7007 6.4935 -11.3188 0.0487 0.1557 238.0000 23.8000 0.0000 15.0000 2.0000 
30 206 37 11.7294 7.7170 -10.8161 12.0540 7.9389 -9.8968 0.0522 0.9999 238.0000 23.8000 0.0000 13.3145 2.0000 
206 207 37 12.0540 7.9389 -9.8968 12.3708 8.1619 -8.9749 0.0522 0.9999 238.0000 23.8000 0.0000 14.8743 2.0000 
207 208 37 12.3708 8.1619 -8.9749 12.3947 8.1768 -8.9046 0.0522 0.0758 238.0000 23.8000 0.0000 15.0000 2.0000 
31 209 38 12.0980 7.8802 -11.2468 11.5341 8.6972 -11.1383 0.0492 0.9987 238.0000 23.8000 0.0000 13.5578 2.0000 
209 210 38 11.5341 8.6972 -11.1383 10.9637 9.4143 -11.0696 0.0492 0.9188 238.0000 23.8000 0.0000 15.0000 2.0000 
32 211 39 12.3985 8.0145 -11.6061 13.2069 7.8826 -11.0337 0.0597 0.9993 238.0000 23.8000 0.0000 13.7488 2.0000 
211 212 39 13.2069 7.8826 -11.0337 13.8603 7.7578 -10.5603 0.0597 0.8165 238.0000 23.8000 0.0000 15.0000 2.0000 
33 213 40 12.7105 8.1677 -11.9848 12.1936 8.9679 -12.2891 0.0429 1.0000 238.0000 23.8000 0.0000 13.9692 2.0000 
213 214 40 12.1936 8.9679 -12.2891 11.9079 9.5144 -12.5357 0.0429 0.6642 238.0000 23.8000 0.0000 15.0000 2.0000 
34 215 41 13.0264 8.3276 -12.3247 12.2861 8.7859 -12.8163 0.0570 0.9999 238.0000 23.8000 0.0000 14.1606 2.0000 
215 216 41 12.2861 8.7859 -12.8163 11.8665 9.0339 -13.0841 0.0570 0.5561 238.0000 23.8000 0.0000 15.0000 2.0000 
35 217 42 13.4156 8.5033 -12.7504 13.5770 7.5506 -13.0055 0.0542 0.9993 238.0000 23.8000 0.0000 14.4108 2.0000 
217 218 42 13.5770 7.5506 -13.0055 13.6374 7.1821 -13.1237 0.0542 0.3917 238.0000 23.8000 0.0000 15.0000 2.0000 
36 219 43 13.7688 8.6630 -13.1359 14.4141 8.0143 -12.7330 0.0474 0.9998 238.0000 23.8000 0.0000 14.6485 2.0000 
219 220 43 14.4141 8.0143 -12.7330 14.5602 7.8578 -12.6456 0.0474 0.2312 238.0000 23.8000 0.0000 15.0000 2.0000 
37 221 44 14.3830 8.8983 -13.8252 13.5435 9.4508 -13.9355 0.0533 1.0110 238.0000 23.8000 0.0000 14.8288 2.0000 
221 222 44 13.5435 9.4508 -13.9355 13.4791 9.5285 -13.9935 0.0533 0.1165 238.0000 23.8000 0.0000 15.0000 2.0000 
37 223 45 14.3830 8.8983 -13.8252 14.9818 9.4909 -13.3346 0.0497 0.9748 238.0000 23.8000 0.0000 15.0000 2.0000 
38 224 46 14.6117 8.9954 -14.1559 13.8505 9.2115 -14.4634 0.0521 0.8489 238.0000 23.8000 0.0000 15.0000 2.0000 
39 225 47 14.9080 9.1181 -14.5580 14.7628 8.5578 -14.9663 0.0514 0.7083 238.0000 23.8000 0.0000 15.0000 2.0000 
40 226 48 15.1494 9.2080 -14.8984 15.3629 9.7070 -14.6890 0.0514 0.5818 238.0000 23.8000 0.0000 15.0000 2.0000 
41 227 49 15.3989 9.3555 -15.3502 15.7251 9.0935 -15.3193 0.0434 0.4195 238.0000 23.8000 0.0000 15.0000 2.0000 
42 228 56 15.6072 9.4973 -15.7509 15.4419 9.4919 -15.9710 0.0436 0.2753 238.0000 23.8000 0.0000 15.0000 2.0000 
43 229 57 15.8424 9.6047 -16.2152 15.7599 9.5980 -16.2865 0.0543 0.1093 238.0000 23.8000 0.0000 15.0000 2.0000 
230 231 1 0.0000 0.0000 -3.1000 0.4576 0.3001 -3.0957 0.1330 0.5473 0.0000 0.0000 205.0000 0.1685 4.0000 
231 232 1 0.4576 0.3001 -3.0957 0.8341 0.5559 -3.0891 0.1330 0.4552 0.0000 0.0000 205.0000 0.3091 4.0000 
232 233 1 0.8341 0.5559 -3.0891 1.2384 0.8345 -3.0810 0.1330 0.4911 0.0000 0.0000 205.0000 0.4611 4.0000 
233 234 1 1.2384 0.8345 -3.0810 1.7006 1.1933 -3.0843 0.1330 0.5852 0.0000 0.0000 205.0000 0.6428 4.0000 
234 235 1 1.7006 1.1933 -3.0843 2.0787 1.4899 -3.0832 0.1330 0.4805 0.0000 0.0000 205.0000 0.7924 4.0000 
235 236 1 2.0787 1.4899 -3.0832 2.4613 1.7579 -3.1206 0.1330 0.4686 0.0000 0.0000 205.0000 0.9387 4.0000 
236 237 1 2.4613 1.7579 -3.1206 2.9274 2.1152 -3.1847 0.1330 0.5909 0.0000 0.0000 205.0000 1.2524 4.0000 
237 238 1 2.9274 2.1152 -3.1847 3.3245 2.3914 -3.2560 0.1330 0.4889 0.0000 0.0000 205.0000 1.2775 4.0000 
238 239 1 3.3245 2.3914 -3.2560 3.7190 2.6742 -3.3171 0.1330 0.4892 0.0000 0.0000 205.0000 1.4316 4.0000 
239 240 1 3.7190 2.6742 -3.3171 4.0819 2.9317 -3.3829 0.1330 0.4498 0.0000 0.0000 205.0000 1.5736 4.0000 
240 241 1 4.0819 2.9317 -3.3829 4.4622 3.2121 -3.4765 0.1330 0.4817 0.0000 0.0000 205.0000 1.7262 4.0000 
241 242 1 4.4622 3.2121 -3.4765 4.8507 3.5130 -3.5695 0.1330 0.5001 0.0000 0.0000 205.0000 1.8850 4.0000 
242 243 1 4.8507 3.5130 -3.5695 5.6224 4.1202 -3.7583 0.1330 0.9999 0.0000 0.0000 205.0000 2.2040 4.0000 
243 244 1 5.6224 4.1202 -3.7583 5.9254 4.3617 -3.8206 0.1330 0.3924 0.0000 0.0000 205.0000 2.3296 4.0000 
244 245 1 5.9254 4.3617 -3.8206 6.3093 4.6651 -3.9195 0.1330 0.4992 0.0000 0.0000 205.0000 2.4898 4.0000 
245 246 1 6.3093 4.6651 -3.9195 6.6501 4.9155 -4.0162 0.1330 0.4338 0.0000 0.0000 205.0000 2.6294 4.0000 
246 247 1 6.6501 4.9155 -4.0162 7.0147 5.1613 -4.1589 0.1330 0.4623 0.0000 0.0000 205.0000 2.7786 4.0000 
247 248 1 7.0147 5.1613 -4.1589 7.4509 5.4552 -4.3298 0.1330 0.5531 0.0000 0.0000 205.0000 2.9576 4.0000 
248 249 1 7.4509 5.4552 -4.3298 8.2392 5.9765 -4.6565 0.1330 0.9999 0.0000 0.0000 205.0000 3.2827 4.0000 
249 250 1 8.2392 5.9765 -4.6565 8.2831 6.0059 -4.6753 0.1330 0.0561 0.0000 0.0000 205.0000 3.3010 4.0000 
250 251 1 8.2831 6.0059 -4.6753 8.7254 6.3269 -4.8351 0.1330 0.5694 0.0000 0.0000 205.0000 3.4870 4.0000 
251 252 1 8.7254 6.3269 -4.8351 9.0893 6.5845 -4.9674 0.1330 0.4651 0.0000 0.0000 205.0000 3.6393 4.0000 
252 253 1 9.0893 6.5845 -4.9674 9.4595 6.8179 -5.0984 0.1330 0.4568 0.0000 0.0000 205.0000 3.7894 4.0000 
253 254 1 9.4595 6.8179 -5.0984 9.8981 7.0968 -5.2616 0.1330 0.5448 0.0000 0.0000 205.0000 3.9689 4.0000 
254 255 1 9.8981 7.0968 -5.2616 10.6930 7.6282 -5.5536 0.1330 0.9997 0.0000 0.0000 205.0000 4.3000 4.0000 
255 256 1 10.6930 7.6282 -5.5536 10.7204 7.6462 -5.5639 0.1330 0.0344 0.0000 0.0000 205.0000 4.3114 4.0000 
256 257 1 10.7204 7.6462 -5.5639 11.1636 7.9032 -5.7062 0.1330 0.5317 0.0000 0.0000 205.0000 4.4882 4.0000 
257 258 1 11.1636 7.9032 -5.7062 11.5606 8.1484 -5.8300 0.1330 0.4827 0.0000 0.0000 205.0000 4.6493 4.0000 
258 259 1 11.5606 8.1484 -5.8300 11.9092 8.3542 -5.9457 0.1330 0.4211 0.0000 0.0000 205.0000 4.7901 4.0000 
259 260 1 11.9092 8.3542 -5.9457 12.3383 8.6032 -6.0926 0.1330 0.5174 0.0000 0.0000 205.0000 4.9637 4.0000 
260 261 1 12.3383 8.6032 -6.0926 13.1190 9.1484 -6.3917 0.1330 0.9981 0.0000 0.0000 205.0000 5.3010 4.0000 
261 262 1 13.1190 9.1484 -6.3917 13.1690 9.1861 -6.4126 0.1330 0.0661 0.0000 0.0000 205.0000 5.3234 4.0000 
262 263 1 13.1690 9.1861 -6.4126 13.4673 9.4123 -6.5311 0.1330 0.3926 0.0000 0.0000 205.0000 5.4563 4.0000 
263 264 1 13.4673 9.4123 -6.5311 13.7551 9.6187 -6.6464 0.1330 0.3725 0.0000 0.0000 205.0000 5.5827 4.0000 
264 265 1 13.7551 9.6187 -6.6464 14.1625 9.9075 -6.7777 0.1330 0.5164 0.0000 0.0000 205.0000 5.7584 4.0000 
265 266 1 14.1625 9.9075 -6.7777 14.5361 10.1958 -6.9678 0.1330 0.5087 0.0000 0.0000 205.0000 5.9320 4.0000 
266 267 1 14.5361 10.1958 -6.9678 15.2818 10.7416 -7.3415 0.1330 0.9967 0.0000 0.0000 205.0000 6.2749 4.0000 
267 268 1 15.2818 10.7416 -7.3415 15.3401 10.7819 -7.3684 0.1330 0.0759 0.0000 0.0000 205.0000 6.3011 4.0000 
268 269 1 15.3401 10.7819 -7.3684 15.7445 11.0134 -7.4896 0.1330 0.4814 0.0000 0.0000 205.0000 6.4670 4.0000 
269 270 1 15.7445 11.0134 -7.4896 16.1824 11.2329 -7.6242 0.1330 0.5081 0.0000 0.0000 205.0000 6.6426 4.0000 
270 271 1 16.1824 11.2329 -7.6242 16.5952 11.4138 -7.7921 0.1330 0.4809 0.0000 0.0000 205.0000 6.8093 4.0000 
271 272 1 16.5952 11.4138 -7.7921 16.9524 11.6296 -7.9723 0.1330 0.4546 0.0000 0.0000 205.0000 6.9674 4.0000 
272 273 1 16.9524 11.6296 -7.9723 17.6777 12.1651 -8.4049 0.1330 1.0000 0.0000 0.0000 205.0000 7.3171 4.0000 
273 274 1 17.6777 12.1651 -8.4049 17.9930 12.3894 -8.6022 0.1330 0.4344 0.0000 0.0000 205.0000 7.4695 4.0000 
274 275 1 17.9930 12.3894 -8.6022 18.3201 12.6265 -8.8253 0.1330 0.4615 0.0000 0.0000 205.0000 7.6319 4.0000 
275 276 1 18.3201 12.6265 -8.8253 18.7030 12.9331 -9.0909 0.1330 0.5578 0.0000 0.0000 205.0000 7.8288 4.0000 
276 277 1 18.7030 12.9331 -9.0909 19.0533 13.1615 -9.3335 0.1330 0.4835 0.0000 0.0000 205.0000 8.0000 4.0000 
231 278 50 0.4576 0.3001 -3.0957 0.1696 1.1258 -3.5747 0.0465 0.9972 238.0000 23.8000 0.0000 7.7477 2.0000 
278 279 50 0.1696 1.1258 -3.5747 0.1253 1.2642 -3.6500 0.0465 0.1636 238.0000 23.8000 0.0000 8.0000 2.0000 
232 280 51 0.8341 0.5559 -3.0891 1.1089 0.5841 -4.0470 0.0528 0.9970 238.0000 23.8000 0.0000 7.8884 2.0000 
280 281 51 1.1089 0.5841 -4.0470 1.1301 0.5872 -4.1186 0.0528 0.0747 238.0000 23.8000 0.0000 8.0000 2.0000 
233 282 52 1.2384 0.8345 -3.0810 1.2538 0.9240 -4.0381 0.0492 0.9614 238.0000 23.8000 0.0000 8.0000 2.0000 
234 283 53 1.7006 1.1933 -3.0843 1.4132 1.9208 -3.3366 0.0494 0.8218 238.0000 23.8000 0.0000 8.0000 2.0000 
235 284 54 2.0787 1.4899 -3.0832 1.8094 1.9589 -2.6238 0.0485 0.7096 238.0000 23.8000 0.0000 8.0000 2.0000 
236 285 55 2.4613 1.7579 -3.1206 2.4827 1.6679 -3.7046 0.0429 0.5913 238.0000 23.8000 0.0000 8.0000 2.0000 
237 286 61 2.9274 2.1152 -3.1847 3.2310 1.8559 -2.9824 0.0541 0.4475 238.0000 23.8000 0.0000 8.0000 2.0000 
238 287 62 3.3245 2.3914 -3.2560 3.1681 2.6088 -3.0762 0.0503 0.3225 238.0000 23.8000 0.0000 8.0000 2.0000 
239 288 63 3.7190 2.6742 -3.3171 3.7927 2.5068 -3.3896 0.0460 0.1968 238.0000 23.8000 0.0000 8.0000 2.0000 
240 289 64 4.0819 2.9317 -3.3829 4.1016 2.8661 -3.4226 0.0482 0.0792 238.0000 23.8000 0.0000 8.0000 2.0000 
290 291 2 0.0000 0.0000 -3.1000 0.3340 0.4181 -3.2542 0.1395 0.5569 0.0000 0.0000 205.0000 0.1699 4.0000 
291 292 2 0.3340 0.4181 -3.2542 0.6627 0.7818 -3.4213 0.1395 0.5179 0.0000 0.0000 205.0000 0.3284 4.0000 
292 293 2 0.6627 0.7818 -3.4213 0.9597 1.1063 -3.5920 0.1395 0.4718 0.0000 0.0000 205.0000 0.4731 4.0000 
293 294 2 0.9597 1.1063 -3.5920 1.2547 1.4373 -3.7724 0.1395 0.4787 0.0000 0.0000 205.0000 0.6204 4.0000 
294 295 2 1.2547 1.4373 -3.7724 1.5590 1.7734 -3.9578 0.1395 0.4899 0.0000 0.0000 205.0000 0.7716 4.0000 
295 296 2 1.5590 1.7734 -3.9578 1.9105 2.1555 -4.1996 0.1395 0.5727 0.0000 0.0000 205.0000 0.9488 4.0000 
296 297 2 1.9105 2.1555 -4.1996 2.0091 2.2681 -4.2692 0.1395 0.1650 0.0000 0.0000 205.0000 1.0000 4.0000 
