node1ID node2ID branchID x1 y1 z1 x2 y2 z2 radius length R G B time type 
0 1 0 0.0000 0.0000 -3.0000 0.3811 0.2659 -3.0827 0.1451 0.4720 0.0000 0.0000 205.0000 0.1563 1.0000 
1 2 0 0.3811 0.2659 -3.0827 0.8233 0.5980 -3.1873 0.1451 0.5628 0.0000 0.0000 205.0000 0.3433 1.0000 
2 3 0 0.8233 0.5980 -3.1873 1.2384 0.8465 -3.3091 0.1451 0.4989 0.0000 0.0000 205.0000 0.5095 1.0000 
3 4 0 1.2384 0.8465 -3.3091 1.6264 1.0889 -3.4287 0.1451 0.4729 0.0000 0.0000 205.0000 0.6674 1.0000 
4 5 0 1.6264 1.0889 -3.4287 1.9974 1.3251 -3.5382 0.1451 0.4532 0.0000 0.0000 205.0000 0.8193 1.0000 
5 6 0 1.9974 1.3251 -3.5382 2.4665 1.6466 -3.6967 0.1451 0.5903 0.0000 0.0000 205.0000 1.1556 1.0000 
6 7 0 2.4665 1.6466 -3.6967 2.8982 1.8806 -3.8706 0.1451 0.5209 0.0000 0.0000 205.0000 1.1932 1.0000 
7 8 0 2.8982 1.8806 -3.8706 3.3066 2.1301 -4.0203 0.1451 0.5014 0.0000 0.0000 205.0000 1.3627 1.0000 
8 9 0 3.3066 2.1301 -4.0203 3.7074 2.3762 -4.1608 0.1451 0.4909 0.0000 0.0000 205.0000 1.5291 1.0000 
9 10 0 3.7074 2.3762 -4.1608 4.1217 2.6480 -4.3446 0.1451 0.5285 0.0000 0.0000 205.0000 1.7088 1.0000 
10 11 0 4.1217 2.6480 -4.3446 4.4895 2.8736 -4.5354 0.1451 0.4718 0.0000 0.0000 205.0000 1.8696 1.0000 
11 12 0 4.4895 2.8736 -4.5354 5.2179 3.3218 -4.9380 0.1451 0.9453 0.0000 0.0000 205.0000 2.2122 1.0000 
12 13 0 5.2179 3.3218 -4.9380 5.6390 3.6485 -5.1960 0.1451 0.5921 0.0000 0.0000 205.0000 2.3971 1.0000 
13 14 0 5.6390 3.6485 -5.1960 6.0441 3.9273 -5.4275 0.1451 0.5435 0.0000 0.0000 205.0000 2.5847 1.0000 
14 15 0 6.0441 3.9273 -5.4275 6.4098 4.1819 -5.6366 0.1451 0.4922 0.0000 0.0000 205.0000 2.7550 1.0000 
15 16 0 6.4098 4.1819 -5.6366 6.6914 4.4363 -5.9061 0.1451 0.4655 0.0000 0.0000 205.0000 2.9166 1.0000 
16 17 0 6.6914 4.4363 -5.9061 7.2718 4.9014 -6.4409 0.1451 0.9161 0.0000 0.0000 205.0000 3.2660 1.0000 
17 18 0 7.2718 4.9014 -6.4409 7.5541 5.1274 -6.7334 0.1451 0.4651 0.0000 0.0000 205.0000 3.3997 1.0000 
18 19 0 7.5541 5.1274 -6.7334 7.9053 5.4048 -7.0750 0.1451 0.5631 0.0000 0.0000 205.0000 3.5974 1.0000 
19 20 0 7.9053 5.4048 -7.0750 8.2570 5.6217 -7.3690 0.1451 0.5071 0.0000 0.0000 205.0000 3.7759 1.0000 
20 21 0 8.2570 5.6217 -7.3690 8.5901 5.8167 -7.6355 0.1451 0.4691 0.0000 0.0000 205.0000 3.9416 1.0000 
21 22 0 8.5901 5.8167 -7.6355 8.9533 6.0378 -7.9388 0.1451 0.5223 0.0000 0.0000 205.0000 4.2966 1.0000 
22 23 0 8.9533 6.0378 -7.9388 9.2379 6.2641 -8.2903 0.1451 0.5056 0.0000 0.0000 205.0000 4.3066 1.0000 
23 24 0 9.2379 6.2641 -8.2903 9.6538 6.5449 -8.6971 0.1451 0.6461 0.0000 0.0000 205.0000 4.5370 1.0000 
24 25 0 9.6538 6.5449 -8.6971 9.9984 6.7757 -9.0347 0.1451 0.5348 0.0000 0.0000 205.0000 4.7283 1.0000 
25 26 0 9.9984 6.7757 -9.0347 10.3558 7.0053 -9.3966 0.1451 0.5580 0.0000 0.0000 205.0000 4.9287 1.0000 
26 27 0 10.3558 7.0053 -9.3966 10.6827 7.2240 -9.7541 0.1451 0.5315 0.0000 0.0000 205.0000 5.2895 1.0000 
27 28 0 10.6827 7.2240 -9.7541 11.0069 7.3908 -10.0779 0.1451 0.4876 0.0000 0.0000 205.0000 5.2964 1.0000 
28 29 0 11.0069 7.3908 -10.0779 11.3551 7.5675 -10.4541 0.1451 0.5422 0.0000 0.0000 205.0000 5.4930 1.0000 
29 30 0 11.3551 7.5675 -10.4541 11.7294 7.7170 -10.8161 0.1451 0.5418 0.0000 0.0000 205.0000 5.6901 1.0000 
30 31 0 11.7294 7.7170 -10.8161 12.0980 7.8802 -11.2468 0.1451 0.5899 0.0000 0.0000 205.0000 5.9054 1.0000 
31 32 0 12.0980 7.8802 -11.2468 12.3985 8.0145 -11.6061 0.1451 0.4873 0.0000 0.0000 205.0000 6.2723 1.0000 
32 33 0 12.3985 8.0145 -11.6061 12.7105 8.1677 -11.9848 0.1451 0.5140 0.0000 0.0000 205.0000 6.2727 1.0000 
33 34 0 12.7105 8.1677 -11.9848 13.0264 8.3276 -12.3247 0.1451 0.4908 0.0000 0.0000 205.0000 6.4536 1.0000 
34 35 0 13.0264 8.3276 -12.3247 13.4156 8.5033 -12.7504 0.1451 0.6030 0.0000 0.0000 205.0000 6.6766 1.0000 
35 36 0 13.4156 8.5033 -12.7504 13.7688 8.6630 -13.1359 0.1451 0.5466 0.0000 0.0000 205.0000 6.8795 1.0000 
36 37 0 13.7688 8.6630 -13.1359 14.3830 8.8983 -13.8252 0.1451 0.9528 0.0000 0.0000 205.0000 7.2532 1.0000 
37 38 0 14.3830 8.8983 -13.8252 14.6117 8.9954 -14.1559 0.1451 0.4136 0.0000 0.0000 205.0000 7.3907 1.0000 
38 39 0 14.6117 8.9954 -14.1559 14.9080 9.1181 -14.5580 0.1451 0.5144 0.0000 0.0000 205.0000 7.5840 1.0000 
39 40 0 14.9080 9.1181 -14.5580 15.1494 9.2080 -14.8984 0.1451 0.4269 0.0000 0.0000 205.0000 7.7448 1.0000 
40 41 0 15.1494 9.2080 -14.8984 15.3989 9.3555 -15.3502 0.1451 0.5367 0.0000 0.0000 205.0000 7.9476 1.0000 
41 42 0 15.3989 9.3555 -15.3502 15.6072 9.4973 -15.7509 0.1451 0.4733 0.0000 0.0000 205.0000 8.3275 1.0000 
42 43 0 15.6072 9.4973 -15.7509 15.8424 9.6047 -16.2152 0.1451 0.5314 0.0000 0.0000 205.0000 8.3293 1.0000 
43 44 0 15.8424 9.6047 -16.2152 16.0784 9.7114 -16.6810 0.1451 0.5330 0.0000 0.0000 205.0000 8.5327 1.0000 
44 45 0 16.0784 9.7114 -16.6810 16.2110 9.8185 -17.0152 0.1451 0.3751 0.0000 0.0000 205.0000 8.6763 1.0000 
45 46 0 16.2110 9.8185 -17.0152 16.3101 10.0101 -17.5057 0.1451 0.5359 0.0000 0.0000 205.0000 8.8821 1.0000 
46 47 0 16.3101 10.0101 -17.5057 16.3939 10.1753 -17.9303 0.1451 0.4632 0.0000 0.0000 205.0000 9.2680 1.0000 
47 48 0 16.3939 10.1753 -17.9303 16.5079 10.3242 -18.4969 0.1451 0.5969 0.0000 0.0000 205.0000 9.2913 1.0000 
48 49 0 16.5079 10.3242 -18.4969 16.5698 10.4417 -18.9387 0.1451 0.4613 0.0000 0.0000 205.0000 9.4702 1.0000 
49 50 0 16.5698 10.4417 -18.9387 16.6387 10.5785 -19.4734 0.1451 0.5562 0.0000 0.0000 205.0000 9.6867 1.0000 
50 51 0 16.6387 10.5785 -19.4734 16.6625 10.7392 -20.0458 0.1451 0.5949 0.0000 0.0000 205.0000 9.9192 1.0000 
51 52 0 16.6625 10.7392 -20.0458 16.6924 10.8543 -20.6042 0.1451 0.5710 0.0000 0.0000 205.0000 10.3121 1.0000 
52 53 0 16.6924 10.8543 -20.6042 16.6688 10.9713 -21.0502 0.1451 0.4617 0.0000 0.0000 205.0000 10.3250 1.0000 
53 54 0 16.6688 10.9713 -21.0502 16.6705 11.0711 -21.5225 0.1451 0.4827 0.0000 0.0000 205.0000 10.5156 1.0000 
54 55 0 16.6705 11.0711 -21.5225 16.6702 11.1983 -22.1044 0.1451 0.5957 0.0000 0.0000 205.0000 10.7516 1.0000 
55 56 0 16.6702 11.1983 -22.1044 16.6638 11.3082 -22.5613 0.1451 0.4700 0.0000 0.0000 205.0000 10.9385 1.0000 
56 57 0 16.6638 11.3082 -22.5613 16.6445 11.5173 -23.5390 0.1451 0.9999 0.0000 0.0000 205.0000 11.3382 1.0000 
57 58 0 16.6445 11.5173 -23.5390 16.6444 11.5182 -23.5437 0.1451 0.0048 0.0000 0.0000 205.0000 11.3402 1.0000 
58 59 0 16.6444 11.5182 -23.5437 16.6839 11.5760 -24.0138 0.1451 0.4752 0.0000 0.0000 205.0000 11.5311 1.0000 
59 60 0 16.6839 11.5760 -24.0138 16.6944 11.6266 -24.5028 0.1451 0.4917 0.0000 0.0000 205.0000 11.7292 1.0000 
60 61 0 16.6944 11.6266 -24.5028 16.7040 11.6706 -24.9656 0.1451 0.4650 0.0000 0.0000 205.0000 11.9173 1.0000 
61 62 0 16.7040 11.6706 -24.9656 16.7007 11.7460 -25.9626 0.1451 0.9999 0.0000 0.0000 205.0000 12.3239 1.0000 
62 63 0 16.7007 11.7460 -25.9626 16.6989 11.7846 -26.4669 0.1451 0.5058 0.0000 0.0000 205.0000 12.5305 1.0000 
63 64 0 16.6989 11.7846 -26.4669 16.6961 11.8246 -26.9689 0.1451 0.5036 0.0000 0.0000 205.0000 12.7369 1.0000 
64 65 0 16.6961 11.8246 -26.9689 16.6902 11.8437 -27.4179 0.1451 0.4495 0.0000 0.0000 205.0000 12.9218 1.0000 
65 66 0 16.6902 11.8437 -27.4179 16.6873 11.8549 -28.4174 0.1451 0.9996 0.0000 0.0000 205.0000 13.3353 1.0000 
66 67 0 16.6873 11.8549 -28.4174 16.6873 11.8549 -28.4230 0.1451 0.0056 0.0000 0.0000 205.0000 13.3376 1.0000 
67 68 0 16.6873 11.8549 -28.4230 16.6897 11.8528 -28.9718 0.1451 0.5488 0.0000 0.0000 205.0000 13.5658 1.0000 
68 69 0 16.6897 11.8528 -28.9718 16.6633 11.8550 -29.4388 0.1451 0.4677 0.0000 0.0000 205.0000 13.7609 1.0000 
69 70 0 16.6633 11.8550 -29.4388 16.6389 11.8708 -29.9576 0.1451 0.5195 0.0000 0.0000 205.0000 13.9784 1.0000 
70 71 0 16.6389 11.8708 -29.9576 16.6613 11.8893 -30.9566 0.1451 0.9995 0.0000 0.0000 205.0000 14.4000 1.0000 
71 72 0 16.6613 11.8893 -30.9566 16.6715 11.8985 -31.3660 0.1451 0.4096 0.0000 0.0000 205.0000 14.5733 1.0000 
72 73 0 16.6715 11.8985 -31.3660 16.6686 11.9080 -31.7676 0.1451 0.4017 0.0000 0.0000 205.0000 14.7437 1.0000 
73 74 0 16.6686 11.9080 -31.7676 16.6580 11.9167 -32.1945 0.1451 0.4272 0.0000 0.0000 205.0000 14.9255 1.0000 
74 75 0 16.6580 11.9167 -32.1945 16.6150 11.9658 -33.1923 0.1451 0.9999 0.0000 0.0000 205.0000 15.3534 1.0000 
75 76 0 16.6150 11.9658 -33.1923 16.6061 11.9723 -33.3622 0.1451 0.1702 0.0000 0.0000 205.0000 15.4265 1.0000 
76 77 0 16.6061 11.9723 -33.3622 16.5675 11.9567 -33.7878 0.1451 0.4277 0.0000 0.0000 205.0000 15.6107 1.0000 
77 78 0 16.5675 11.9567 -33.7878 16.5276 11.9418 -34.2626 0.1451 0.4767 0.0000 0.0000 205.0000 15.8166 1.0000 
78 79 0 16.5276 11.9418 -34.2626 16.4854 11.9159 -35.2581 0.1451 0.9967 0.0000 0.0000 205.0000 16.2512 1.0000 
79 80 0 16.4854 11.9159 -35.2581 16.4836 11.9150 -35.3029 0.1451 0.0449 0.0000 0.0000 205.0000 16.2708 1.0000 
80 81 0 16.4836 11.9150 -35.3029 16.5023 11.9039 -35.7794 0.1451 0.4770 0.0000 0.0000 205.0000 16.4792 1.0000 
81 82 0 16.5023 11.9039 -35.7794 16.5306 11.9152 -36.2349 0.1451 0.4565 0.0000 0.0000 205.0000 16.6793 1.0000 
82 83 0 16.5306 11.9152 -36.2349 16.5634 11.9213 -36.7240 0.1451 0.4903 0.0000 0.0000 205.0000 16.8950 1.0000 
83 84 0 16.5634 11.9213 -36.7240 16.5906 11.9332 -36.9601 0.1451 0.2379 0.0000 0.0000 205.0000 17.0000 1.0000 
1 85 6 0.3811 0.2659 -3.0827 -0.3037 0.9805 -3.2114 0.0582 0.9981 238.0000 23.8000 0.0000 7.1980 2.0000 
85 86 6 -0.3037 0.9805 -3.2114 -0.9893 1.7009 -3.3024 0.0582 0.9986 238.0000 23.8000 0.0000 8.7658 2.0000 
86 87 6 -0.9893 1.7009 -3.3024 -1.6913 2.4059 -3.3963 0.0582 0.9993 238.0000 23.8000 0.0000 10.5406 2.0000 
87 88 6 -1.6913 2.4059 -3.3963 -2.3839 3.1204 -3.4944 0.0582 0.9999 238.0000 23.8000 0.0000 12.5889 2.0000 
88 89 6 -2.3839 3.1204 -3.4944 -3.0825 3.8277 -3.5949 0.0582 0.9992 238.0000 23.8000 0.0000 15.0000 2.0000 
89 90 6 -3.0825 3.8277 -3.5949 -3.5835 4.3146 -3.6764 0.0582 0.7033 238.0000 23.8000 0.0000 17.0000 2.0000 
2 91 7 0.8233 0.5980 -3.1873 0.2414 1.1849 -3.7403 0.0509 0.9944 238.0000 23.8000 0.0000 7.4009 2.0000 
91 92 7 0.2414 1.1849 -3.7403 -0.3673 1.7914 -4.2499 0.0509 0.9991 238.0000 23.8000 0.0000 8.9638 2.0000 
92 93 7 -0.3673 1.7914 -4.2499 -0.9527 2.4015 -4.7831 0.0509 0.9995 238.0000 23.8000 0.0000 10.7281 2.0000 
93 94 7 -0.9527 2.4015 -4.7831 -1.5230 3.0192 -5.3236 0.0509 0.9995 238.0000 23.8000 0.0000 12.7537 2.0000 
94 95 7 -1.5230 3.0192 -5.3236 -2.1317 3.6099 -5.8528 0.0509 0.9997 238.0000 23.8000 0.0000 15.1340 2.0000 
95 96 7 -2.1317 3.6099 -5.8528 -2.5501 4.0021 -6.2021 0.0509 0.6714 238.0000 23.8000 0.0000 17.0000 2.0000 
3 97 8 1.2384 0.8465 -3.3091 1.9805 0.2057 -3.1139 0.0517 0.9998 238.0000 23.8000 0.0000 7.5724 2.0000 
97 98 8 1.9805 0.2057 -3.1139 2.6973 -0.4581 -2.9033 0.0517 0.9994 238.0000 23.8000 0.0000 9.0950 2.0000 
98 99 8 2.6973 -0.4581 -2.9033 3.4259 -1.1202 -2.7747 0.0517 0.9929 238.0000 23.8000 0.0000 10.7745 2.0000 
99 100 8 3.4259 -1.1202 -2.7747 4.1510 -1.7946 -2.6408 0.0517 0.9993 238.0000 23.8000 0.0000 12.6482 2.0000 
100 101 8 4.1510 -1.7946 -2.6408 4.9175 -2.4117 -2.4807 0.0517 0.9969 238.0000 23.8000 0.0000 14.7670 2.0000 
101 102 8 4.9175 -2.4117 -2.4807 5.6456 -2.9472 -2.3019 0.0517 0.9214 238.0000 23.8000 0.0000 17.0000 2.0000 
4 103 9 1.6264 1.0889 -3.4287 1.4565 0.8101 -4.3696 0.0471 0.9959 238.0000 23.8000 0.0000 7.7634 2.0000 
103 104 9 1.4565 0.8101 -4.3696 1.2886 0.5320 -5.3153 0.0471 1.0000 238.0000 23.8000 0.0000 9.3464 2.0000 
104 105 9 1.2886 0.5320 -5.3153 1.0827 0.2635 -6.2562 0.0471 0.9999 238.0000 23.8000 0.0000 11.1552 2.0000 
105 106 9 1.0827 0.2635 -6.2562 0.8381 0.0261 -7.1960 0.0471 0.9997 238.0000 23.8000 0.0000 13.2631 2.0000 
106 107 9 0.8381 0.0261 -7.1960 0.5963 -0.1894 -8.1402 0.0471 0.9982 238.0000 23.8000 0.0000 15.7895 2.0000 
107 108 9 0.5963 -0.1894 -8.1402 0.4725 -0.2944 -8.5202 0.0471 0.4132 238.0000 23.8000 0.0000 17.0000 2.0000 
5 109 10 1.9974 1.3251 -3.5382 1.5815 1.9160 -4.2290 0.0474 0.9998 238.0000 23.8000 0.0000 7.9228 2.0000 
109 110 10 1.5815 1.9160 -4.2290 1.1406 2.4836 -4.9243 0.0474 0.9999 238.0000 23.8000 0.0000 9.4774 2.0000 
110 111 10 1.1406 2.4836 -4.9243 0.7203 3.0770 -5.6102 0.0474 0.9997 238.0000 23.8000 0.0000 11.2250 2.0000 
111 112 10 0.7203 3.0770 -5.6102 0.2589 3.6776 -6.2632 0.0474 0.9999 238.0000 23.8000 0.0000 13.2207 2.0000 
112 113 10 0.2589 3.6776 -6.2632 -0.2068 4.2888 -6.9028 0.0474 0.9998 238.0000 23.8000 0.0000 15.5474 2.0000 
113 114 10 -0.2068 4.2888 -6.9028 -0.4818 4.6030 -7.2540 0.0474 0.5456 238.0000 23.8000 0.0000 17.0000 2.0000 
6 115 11 2.4665 1.6466 -3.6967 2.9680 1.6154 -2.8322 0.0433 0.9999 238.0000 23.8000 0.0000 8.1595 2.0000 
115 116 11 2.9680 1.6154 -2.8322 3.5185 1.5794 -1.9999 0.0433 0.9985 238.0000 23.8000 0.0000 9.7795 2.0000 
116 117 11 3.5185 1.5794 -1.9999 4.0367 1.5344 -1.1462 0.0433 0.9997 238.0000 23.8000 0.0000 11.6693 2.0000 
117 118 11 4.0367 1.5344 -1.1462 4.6266 1.5415 -0.3435 0.0433 0.9962 238.0000 23.8000 0.0000 13.9432 2.0000 
118 119 11 4.6266 1.5415 -0.3435 5.1758 1.5456 0.4907 0.0433 0.9988 238.0000 23.8000 0.0000 16.7779 2.0000 
119 120 11 5.1758 1.5456 0.4907 5.2132 1.5458 0.5480 0.0433 0.0684 238.0000 23.8000 0.0000 17.0000 2.0000 
7 121 12 2.8982 1.8806 -3.8706 2.3622 2.6421 -3.5077 0.0487 0.9995 238.0000 23.8000 0.0000 8.3361 2.0000 
121 122 12 2.3622 2.6421 -3.5077 1.8081 3.3898 -3.1423 0.0487 0.9997 238.0000 23.8000 0.0000 9.8943 2.0000 
122 123 12 1.8081 3.3898 -3.1423 1.2219 4.1174 -2.7867 0.0487 0.9997 238.0000 23.8000 0.0000 11.6488 2.0000 
123 124 12 1.2219 4.1174 -2.7867 0.6412 4.8429 -2.4253 0.0487 0.9971 238.0000 23.8000 0.0000 13.6582 2.0000 
124 125 12 0.6412 4.8429 -2.4253 0.0599 5.5728 -2.0704 0.0487 0.9983 238.0000 23.8000 0.0000 16.0000 2.0000 
125 126 12 0.0599 5.5728 -2.0704 -0.1546 5.8490 -1.9273 0.0487 0.3778 238.0000 23.8000 0.0000 17.0000 2.0000 
8 127 13 3.3066 2.1301 -4.0203 3.9340 1.6060 -3.4493 0.0397 0.9972 238.0000 23.8000 0.0000 8.5347 2.0000 
127 128 13 3.9340 1.6060 -3.4493 4.5646 1.0846 -2.8746 0.0397 0.9999 238.0000 23.8000 0.0000 10.1367 2.0000 
128 129 13 4.5646 1.0846 -2.8746 5.1849 0.5834 -2.2720 0.0397 0.9996 238.0000 23.8000 0.0000 11.9853 2.0000 
129 130 13 5.1849 0.5834 -2.2720 5.7826 0.0759 -1.6515 0.0397 0.9998 238.0000 23.8000 0.0000 14.1743 2.0000 
130 131 13 5.7826 0.0759 -1.6515 6.3945 -0.4441 -1.0560 0.0397 0.9998 238.0000 23.8000 0.0000 16.8506 2.0000 
131 132 13 6.3945 -0.4441 -1.0560 6.4245 -0.4700 -1.0262 0.0397 0.0496 238.0000 23.8000 0.0000 17.0000 2.0000 
9 133 14 3.7074 2.3762 -4.1608 4.1938 1.8145 -3.4927 0.0598 0.9992 238.0000 23.8000 0.0000 8.7173 2.0000 
133 134 14 4.1938 1.8145 -3.4927 4.7161 1.2631 -2.8427 0.0598 0.9997 238.0000 23.8000 0.0000 10.3158 2.0000 
134 135 14 4.7161 1.2631 -2.8427 5.2182 0.7252 -2.1656 0.0598 1.0000 238.0000 23.8000 0.0000 12.1574 2.0000 
135 136 14 5.2182 0.7252 -2.1656 5.7291 0.1975 -1.4876 0.0598 0.9996 238.0000 23.8000 0.0000 14.3294 2.0000 
136 137 14 5.7291 0.1975 -1.4876 6.2239 -0.3455 -0.8119 0.0598 0.9981 238.0000 23.8000 0.0000 16.9741 2.0000 
137 138 14 6.2239 -0.3455 -0.8119 6.2283 -0.3503 -0.8060 0.0598 0.0088 238.0000 23.8000 0.0000 17.0000 2.0000 
10 139 15 4.1217 2.6480 -4.3446 3.8861 2.5218 -5.3078 0.0555 0.9996 238.0000 23.8000 0.0000 8.9078 2.0000 
139 140 15 3.8861 2.5218 -5.3078 3.6815 2.3688 -6.2740 0.0555 0.9994 238.0000 23.8000 0.0000 10.4775 2.0000 
140 141 15 3.6815 2.3688 -6.2740 3.4873 2.2204 -7.2427 0.0555 0.9990 238.0000 23.8000 0.0000 12.2577 2.0000 
141 142 15 3.4873 2.2204 -7.2427 3.2474 2.1017 -8.2059 0.0555 0.9997 238.0000 23.8000 0.0000 14.3104 2.0000 
142 143 15 3.2474 2.1017 -8.2059 2.9727 1.9977 -9.1608 0.0555 0.9991 238.0000 23.8000 0.0000 16.7359 2.0000 
143 144 15 2.9727 1.9977 -9.1608 2.9458 1.9879 -9.2549 0.0555 0.0984 238.0000 23.8000 0.0000 17.0000 2.0000 
11 145 16 4.4895 2.8736 -4.5354 4.6369 2.2207 -5.2783 0.0486 0.9999 238.0000 23.8000 0.0000 9.0785 2.0000 
145 146 16 4.6369 2.2207 -5.2783 4.7480 1.5695 -6.0283 0.0486 0.9995 238.0000 23.8000 0.0000 10.6194 2.0000 
146 147 16 4.7480 1.5695 -6.0283 4.8585 0.9366 -6.7945 0.0486 0.9999 238.0000 23.8000 0.0000 12.3384 2.0000 
147 148 16 4.8585 0.9366 -6.7945 4.9871 0.3138 -7.5655 0.0486 0.9994 238.0000 23.8000 0.0000 14.2896 2.0000 
148 149 16 4.9871 0.3138 -7.5655 5.1218 -0.3131 -8.3323 0.0486 0.9995 238.0000 23.8000 0.0000 16.5243 2.0000 
149 150 16 5.1218 -0.3131 -8.3323 5.1510 -0.4350 -8.4807 0.0486 0.1943 238.0000 23.8000 0.0000 17.0000 2.0000 
12 151 17 5.2179 3.3218 -4.9380 4.4832 4.0071 -4.5469 0.0471 1.0781 238.0000 23.8000 0.0000 9.2785 2.0000 
151 152 17 4.4832 4.0071 -4.5469 4.0987 4.9190 -4.4119 0.0471 0.9989 238.0000 23.8000 0.0000 10.8771 2.0000 
152 153 17 4.0987 4.9190 -4.4119 3.7356 5.8397 -4.2790 0.0471 0.9986 238.0000 23.8000 0.0000 12.7187 2.0000 
153 154 17 3.7356 5.8397 -4.2790 3.3199 6.7414 -4.1720 0.0471 0.9986 238.0000 23.8000 0.0000 14.8896 2.0000 
154 155 17 3.3199 6.7414 -4.1720 3.0179 7.4927 -4.0888 0.0471 0.8140 238.0000 23.8000 0.0000 17.0000 2.0000 
12 156 18 5.2179 3.3218 -4.9380 5.1059 2.9102 -5.8415 0.0507 0.9991 238.0000 23.8000 0.0000 9.4470 2.0000 
156 157 18 5.1059 2.9102 -5.8415 5.0343 2.5339 -6.7650 0.0507 0.9998 238.0000 23.8000 0.0000 11.0334 2.0000 
157 158 18 5.0343 2.5339 -6.7650 4.9114 2.0959 -7.6538 0.0507 0.9984 238.0000 23.8000 0.0000 12.8453 2.0000 
158 159 18 4.9114 2.0959 -7.6538 4.7900 1.6846 -8.5571 0.0507 0.9999 238.0000 23.8000 0.0000 14.9599 2.0000 
159 160 18 4.7900 1.6846 -8.5571 4.6809 1.3234 -9.2802 0.0507 0.8156 238.0000 23.8000 0.0000 17.0000 2.0000 
13 161 19 5.6390 3.6485 -5.1960 5.0754 4.4704 -5.1178 0.0594 0.9996 238.0000 23.8000 0.0000 9.6722 2.0000 
161 162 19 5.0754 4.4704 -5.1178 4.5195 5.2977 -5.0402 0.0594 0.9998 238.0000 23.8000 0.0000 11.2578 2.0000 
162 163 19 4.5195 5.2977 -5.0402 4.0677 6.1887 -5.0500 0.0594 0.9991 238.0000 23.8000 0.0000 13.0722 2.0000 
163 164 19 4.0677 6.1887 -5.0500 3.5817 7.0624 -5.0292 0.0594 0.9999 238.0000 23.8000 0.0000 15.1905 2.0000 
164 165 19 3.5817 7.0624 -5.0292 3.2261 7.7015 -5.0142 0.0594 0.7316 238.0000 23.8000 0.0000 17.0000 2.0000 
14 166 20 6.0441 3.9273 -5.4275 6.7531 3.2272 -5.3449 0.0527 0.9999 238.0000 23.8000 0.0000 9.8823 2.0000 
166 167 20 6.7531 3.2272 -5.3449 7.4752 2.5434 -5.2446 0.0527 0.9994 238.0000 23.8000 0.0000 11.4786 2.0000 
167 168 20 7.4752 2.5434 -5.2446 8.1649 1.8234 -5.2559 0.0527 0.9972 238.0000 23.8000 0.0000 13.3185 2.0000 
168 169 20 8.1649 1.8234 -5.2559 8.8689 1.1138 -5.2832 0.0527 0.9999 238.0000 23.8000 0.0000 15.4809 2.0000 
169 170 20 8.8689 1.1138 -5.2832 9.2962 0.6900 -5.2392 0.0527 0.6034 238.0000 23.8000 0.0000 17.0000 2.0000 
15 171 21 6.4098 4.1819 -5.6366 6.2548 3.7809 -6.5395 0.0433 1.0000 238.0000 23.8000 0.0000 10.0707 2.0000 
171 172 21 6.2548 3.7809 -6.5395 6.0742 3.4157 -7.4518 0.0433 0.9992 238.0000 23.8000 0.0000 11.6669 2.0000 
172 173 21 6.0742 3.4157 -7.4518 5.8826 3.0350 -8.3561 0.0433 0.9998 238.0000 23.8000 0.0000 13.5033 2.0000 
173 174 21 5.8826 3.0350 -8.3561 5.7093 2.6716 -9.2705 0.0433 0.9991 238.0000 23.8000 0.0000 15.6657 2.0000 
174 175 21 5.7093 2.6716 -9.2705 5.6223 2.4884 -9.7650 0.0433 0.5344 238.0000 23.8000 0.0000 17.0000 2.0000 
16 176 22 6.6914 4.4363 -5.9061 6.3281 5.2867 -5.5257 0.0339 1.0000 238.0000 23.8000 0.0000 10.2702 2.0000 
176 177 22 6.3281 5.2867 -5.5257 5.9601 6.1610 -5.2142 0.0339 0.9984 238.0000 23.8000 0.0000 11.9464 2.0000 
177 178 22 5.9601 6.1610 -5.2142 5.5842 7.0062 -4.8362 0.0339 0.9993 238.0000 23.8000 0.0000 13.9671 2.0000 
178 179 22 5.5842 7.0062 -4.8362 5.1516 7.8204 -4.4533 0.0339 0.9984 238.0000 23.8000 0.0000 16.5157 2.0000 
179 180 22 5.1516 7.8204 -4.4533 5.0822 7.9530 -4.3891 0.0339 0.1628 238.0000 23.8000 0.0000 17.0000 2.0000 
17 181 23 7.2718 4.9014 -6.4409 6.2405 5.3873 -6.1537 0.0519 1.1756 238.0000 23.8000 0.0000 10.3882 2.0000 
181 182 23 6.2405 5.3873 -6.1537 5.5951 6.1494 -6.1906 0.0519 0.9993 238.0000 23.8000 0.0000 11.9456 2.0000 
182 183 23 5.5951 6.1494 -6.1906 4.9321 6.8960 -6.2043 0.0519 0.9986 238.0000 23.8000 0.0000 13.6985 2.0000 
183 184 23 4.9321 6.8960 -6.2043 4.2802 7.6529 -6.2467 0.0519 0.9998 238.0000 23.8000 0.0000 15.7032 2.0000 
184 185 23 4.2802 7.6529 -6.2467 3.9079 8.0885 -6.2856 0.0519 0.5744 238.0000 23.8000 0.0000 17.0000 2.0000 
17 186 24 7.2718 4.9014 -6.4409 6.4864 5.4921 -6.6192 0.0495 0.9988 238.0000 23.8000 0.0000 10.5857 2.0000 
186 187 24 6.4864 5.4921 -6.6192 5.7032 6.1046 -6.7238 0.0495 0.9998 238.0000 23.8000 0.0000 12.1207 2.0000 
187 188 24 5.7032 6.1046 -6.7238 4.9475 6.7400 -6.8811 0.0495 0.9997 238.0000 23.8000 0.0000 13.8213 2.0000 
188 189 24 4.9475 6.7400 -6.8811 4.2192 7.4170 -6.9730 0.0495 0.9987 238.0000 23.8000 0.0000 15.7338 2.0000 
189 190 24 4.2192 7.4170 -6.9730 3.7818 7.8209 -7.0283 0.0495 0.5979 238.0000 23.8000 0.0000 17.0000 2.0000 
18 191 25 7.5541 5.1274 -6.7334 7.4356 4.7479 -7.6509 0.0516 1.0000 238.0000 23.8000 0.0000 10.7779 2.0000 
191 192 25 7.4356 4.7479 -7.6509 7.2968 4.3284 -8.5477 0.0516 0.9997 238.0000 23.8000 0.0000 12.3530 2.0000 
192 193 25 7.2968 4.3284 -8.5477 7.2204 3.9093 -9.4513 0.0516 0.9990 238.0000 23.8000 0.0000 14.1498 2.0000 
193 194 25 7.2204 3.9093 -9.4513 7.1098 3.5592 -10.3811 0.0516 0.9997 238.0000 23.8000 0.0000 16.2262 2.0000 
194 195 25 7.1098 3.5592 -10.3811 7.0718 3.4441 -10.6929 0.0516 0.3346 238.0000 23.8000 0.0000 17.0000 2.0000 
19 196 26 7.9053 5.4048 -7.0750 8.1240 4.5394 -7.5203 0.0508 0.9975 238.0000 23.8000 0.0000 10.9959 2.0000 
196 197 26 8.1240 4.5394 -7.5203 8.2865 3.6749 -7.9831 0.0508 0.9939 238.0000 23.8000 0.0000 12.5674 2.0000 
197 198 26 8.2865 3.6749 -7.9831 8.4291 2.7902 -8.4253 0.0508 0.9993 238.0000 23.8000 0.0000 14.3507 2.0000 
198 199 26 8.4291 2.7902 -8.4253 8.5347 1.9011 -8.8705 0.0508 0.9999 238.0000 23.8000 0.0000 16.4160 2.0000 
199 200 26 8.5347 1.9011 -8.8705 8.5689 1.6763 -8.9889 0.0508 0.2563 238.0000 23.8000 0.0000 17.0000 2.0000 
20 201 27 8.2570 5.6217 -7.3690 8.9828 5.0911 -6.9313 0.0503 0.9999 238.0000 23.8000 0.0000 11.1941 2.0000 
201 202 27 8.9828 5.0911 -6.9313 9.7024 4.5460 -6.5022 0.0503 0.9996 238.0000 23.8000 0.0000 12.7641 2.0000 
202 203 27 9.7024 4.5460 -6.5022 10.4157 4.0000 -6.0637 0.0503 0.9996 238.0000 23.8000 0.0000 14.5437 2.0000 
203 204 27 10.4157 4.0000 -6.0637 11.0862 3.4091 -5.6164 0.0503 0.9994 238.0000 23.8000 0.0000 16.6006 2.0000 
204 205 27 11.0862 3.4091 -5.6164 11.2058 3.3048 -5.5374 0.0503 0.1773 238.0000 23.8000 0.0000 17.0000 2.0000 
21 206 28 8.5901 5.8167 -7.6355 8.9667 6.3623 -6.8900 0.0448 0.9976 238.0000 23.8000 0.0000 11.3736 2.0000 
206 207 28 8.9667 6.3623 -6.8900 9.3571 6.9080 -6.1495 0.0448 0.9992 238.0000 23.8000 0.0000 12.9324 2.0000 
207 208 28 9.3571 6.9080 -6.1495 9.7094 7.5126 -5.4377 0.0448 0.9982 238.0000 23.8000 0.0000 14.6885 2.0000 
208 209 28 9.7094 7.5126 -5.4377 9.9872 8.1757 -4.7431 0.0448 0.9997 238.0000 23.8000 0.0000 16.6993 2.0000 
209 210 28 9.9872 8.1757 -4.7431 10.0199 8.2690 -4.6474 0.0448 0.1376 238.0000 23.8000 0.0000 17.0000 2.0000 
22 211 29 8.9533 6.0378 -7.9388 8.5252 6.5822 -8.6596 0.0526 0.9996 238.0000 23.8000 0.0000 11.6008 2.0000 
211 212 29 8.5252 6.5822 -8.6596 8.0949 7.1410 -9.3685 0.0526 1.0000 238.0000 23.8000 0.0000 13.2423 2.0000 
212 213 29 8.0949 7.1410 -9.3685 7.6459 7.7170 -10.0516 0.0526 1.0000 238.0000 23.8000 0.0000 15.1810 2.0000 
213 214 29 7.6459 7.7170 -10.0516 7.3093 8.1650 -10.6060 0.0526 0.7882 238.0000 23.8000 0.0000 17.0000 2.0000 
23 215 30 9.2379 6.2641 -8.2903 9.4094 7.1470 -7.8536 0.0598 0.9998 238.0000 23.8000 0.0000 11.7777 2.0000 
215 216 30 9.4094 7.1470 -7.8536 9.6018 8.0264 -7.4194 0.0598 0.9995 238.0000 23.8000 0.0000 13.3349 2.0000 
216 217 30 9.6018 8.0264 -7.4194 9.8162 8.8984 -6.9800 0.0598 0.9996 238.0000 23.8000 0.0000 15.0868 2.0000 
217 218 30 9.8162 8.8984 -6.9800 10.0124 9.7463 -6.5803 0.0598 0.9578 238.0000 23.8000 0.0000 17.0000 2.0000 
24 219 31 9.6538 6.5449 -8.6971 10.3687 6.5641 -7.9985 0.0480 0.9997 238.0000 23.8000 0.0000 12.0433 2.0000 
219 220 31 10.3687 6.5641 -7.9985 11.1064 6.6524 -7.3315 0.0480 0.9985 238.0000 23.8000 0.0000 13.6343 2.0000 
220 221 31 11.1064 6.6524 -7.3315 11.8258 6.7612 -6.6455 0.0480 0.9999 238.0000 23.8000 0.0000 15.4594 2.0000 
221 222 31 11.8258 6.7612 -6.6455 12.3395 6.8175 -6.1211 0.0480 0.7362 238.0000 23.8000 0.0000 17.0000 2.0000 
25 223 32 9.9984 6.7757 -9.0347 9.8878 6.1801 -9.8299 0.0490 0.9996 238.0000 23.8000 0.0000 12.2489 2.0000 
223 224 32 9.8878 6.1801 -9.8299 9.7749 5.6381 -10.6623 0.0490 0.9997 238.0000 23.8000 0.0000 13.8168 2.0000 
224 225 32 9.7749 5.6381 -10.6623 9.6708 5.0918 -11.4933 0.0490 0.9999 238.0000 23.8000 0.0000 15.5918 2.0000 
225 226 32 9.6708 5.0918 -11.4933 9.5756 4.7257 -12.0874 0.0490 0.7043 238.0000 23.8000 0.0000 17.0000 2.0000 
26 227 33 10.3558 7.0053 -9.3966 9.8553 7.1088 -10.2558 0.0476 0.9997 238.0000 23.8000 0.0000 12.4776 2.0000 
227 228 33 9.8553 7.1088 -10.2558 9.3699 7.1785 -11.1272 0.0476 1.0000 238.0000 23.8000 0.0000 14.0719 2.0000 
228 229 33 9.3699 7.1785 -11.1272 8.8626 7.1574 -11.9877 0.0476 0.9991 238.0000 23.8000 0.0000 15.9016 2.0000 
229 230 33 8.8626 7.1574 -11.9877 8.5902 7.1476 -12.4456 0.0476 0.5329 238.0000 23.8000 0.0000 17.0000 2.0000 
27 231 34 10.6827 7.2240 -9.7541 11.1781 6.3674 -9.8977 0.0416 0.9999 238.0000 23.8000 0.0000 12.6895 2.0000 
231 232 34 11.1781 6.3674 -9.8977 11.6539 5.4975 -10.0258 0.0416 0.9998 238.0000 23.8000 0.0000 14.2804 2.0000 
232 233 34 11.6539 5.4975 -10.0258 12.0373 4.5803 -10.1310 0.0416 0.9996 238.0000 23.8000 0.0000 16.1084 2.0000 
233 234 34 12.0373 4.5803 -10.1310 12.2188 4.1859 -10.1885 0.0416 0.4379 238.0000 23.8000 0.0000 17.0000 2.0000 
28 235 35 11.0069 7.3908 -10.0779 11.7078 7.6189 -9.4060 0.0447 0.9973 238.0000 23.8000 0.0000 12.8749 2.0000 
235 236 35 11.7078 7.6189 -9.4060 12.4064 7.8665 -8.7349 0.0447 0.9999 238.0000 23.8000 0.0000 14.4282 2.0000 
236 237 35 12.4064 7.8665 -8.7349 13.0948 8.1560 -8.0700 0.0447 0.9998 238.0000 23.8000 0.0000 16.1729 2.0000 
237 238 35 13.0948 8.1560 -8.0700 13.3887 8.2714 -7.7734 0.0447 0.4333 238.0000 23.8000 0.0000 17.0000 2.0000 
29 239 36 11.3551 7.5675 -10.4541 10.5965 7.0736 -10.8779 0.0487 0.9995 238.0000 23.8000 0.0000 13.1109 2.0000 
239 240 36 10.5965 7.0736 -10.8779 9.8211 6.5725 -11.2599 0.0487 0.9990 238.0000 23.8000 0.0000 14.7268 2.0000 
240 241 36 9.8211 6.5725 -11.2599 9.0341 6.0765 -11.6262 0.0487 0.9998 238.0000 23.8000 0.0000 16.6068 2.0000 
241 242 36 9.0341 6.0765 -11.6262 8.8906 5.9734 -11.6942 0.0487 0.1893 238.0000 23.8000 0.0000 17.0000 2.0000 
30 243 37 11.7294 7.7170 -10.8161 12.0540 7.9389 -9.8968 0.0522 0.9999 238.0000 23.8000 0.0000 13.3145 2.0000 
243 244 37 12.0540 7.9389 -9.8968 12.3708 8.1619 -8.9749 0.0522 0.9999 238.0000 23.8000 0.0000 14.8743 2.0000 
244 245 37 12.3708 8.1619 -8.9749 12.6911 8.3640 -8.0511 0.0522 0.9985 238.0000 23.8000 0.0000 16.6322 2.0000 
245 246 37 12.6911 8.3640 -8.0511 12.7533 8.4027 -7.8718 0.0522 0.1937 238.0000 23.8000 0.0000 17.0000 2.0000 
31 247 38 12.0980 7.8802 -11.2468 11.5341 8.6972 -11.1383 0.0492 0.9987 238.0000 23.8000 0.0000 13.5578 2.0000 
247 248 38 11.5341 8.6972 -11.1383 10.9189 9.4817 -11.0628 0.0492 0.9997 238.0000 23.8000 0.0000 15.1352 2.0000 
248 249 38 10.9189 9.4817 -11.0628 10.3345 10.2846 -10.9553 0.0492 0.9989 238.0000 23.8000 0.0000 16.9264 2.0000 
249 250 38 10.3345 10.2846 -10.9553 10.3122 10.3154 -10.9512 0.0492 0.0383 238.0000 23.8000 0.0000 17.0000 2.0000 
32 251 39 12.3985 8.0145 -11.6061 13.2069 7.8826 -11.0337 0.0597 0.9993 238.0000 23.8000 0.0000 13.7488 2.0000 
251 252 39 13.2069 7.8826 -11.0337 14.0126 7.7299 -10.4617 0.0597 0.9998 238.0000 23.8000 0.0000 15.2966 2.0000 
252 253 39 14.0126 7.7299 -10.4617 14.8114 7.5814 -9.9183 0.0597 0.9774 238.0000 23.8000 0.0000 17.0000 2.0000 
33 254 40 12.7105 8.1677 -11.9848 12.1936 8.9679 -12.2891 0.0429 1.0000 238.0000 23.8000 0.0000 13.9692 2.0000 
254 255 40 12.1936 8.9679 -12.2891 11.7265 9.7759 -12.6427 0.0429 0.9981 238.0000 23.8000 0.0000 15.5548 2.0000 
255 256 40 11.7265 9.7759 -12.6427 11.3583 10.4547 -12.8830 0.0429 0.8087 238.0000 23.8000 0.0000 17.0000 2.0000 
34 257 41 13.0264 8.3276 -12.3247 12.2861 8.7859 -12.8163 0.0570 0.9999 238.0000 23.8000 0.0000 14.1606 2.0000 
257 258 41 12.2861 8.7859 -12.8163 11.5516 9.2651 -13.2948 0.0570 0.9991 238.0000 23.8000 0.0000 15.7062 2.0000 
258 259 41 11.5516 9.2651 -13.2948 11.0225 9.6476 -13.6828 0.0570 0.7594 238.0000 23.8000 0.0000 17.0000 2.0000 
35 260 42 13.4156 8.5033 -12.7504 13.5770 7.5506 -13.0055 0.0542 0.9993 238.0000 23.8000 0.0000 14.4108 2.0000 
260 261 42 13.5770 7.5506 -13.0055 13.7349 6.6010 -13.2747 0.0542 0.9996 238.0000 23.8000 0.0000 15.9670 2.0000 
261 262 42 13.7349 6.6010 -13.2747 13.8289 6.0261 -13.4391 0.0542 0.6053 238.0000 23.8000 0.0000 17.0000 2.0000 
36 263 43 13.7688 8.6630 -13.1359 14.4141 8.0143 -12.7330 0.0474 0.9998 238.0000 23.8000 0.0000 14.6485 2.0000 
263 264 43 14.4141 8.0143 -12.7330 15.0862 7.3878 -12.3389 0.0474 0.9998 238.0000 23.8000 0.0000 16.2487 2.0000 
264 265 43 15.0862 7.3878 -12.3389 15.3445 7.0981 -12.1632 0.0474 0.4260 238.0000 23.8000 0.0000 17.0000 2.0000 
37 266 44 14.3830 8.8983 -13.8252 13.5435 9.4508 -13.9355 0.0533 1.0110 238.0000 23.8000 0.0000 14.8288 2.0000 
266 267 44 13.5435 9.4508 -13.9355 12.9624 10.0989 -14.4249 0.0533 0.9987 238.0000 23.8000 0.0000 16.3656 2.0000 
267 268 44 12.9624 10.0989 -14.4249 12.7436 10.3583 -14.6049 0.0533 0.3842 238.0000 23.8000 0.0000 17.0000 2.0000 
37 269 45 14.3830 8.8983 -13.8252 14.9981 9.5060 -13.3228 0.0497 1.0000 238.0000 23.8000 0.0000 15.0371 2.0000 
269 270 45 14.9981 9.5060 -13.3228 15.5406 10.1563 -12.8027 0.0497 0.9939 238.0000 23.8000 0.0000 16.5995 2.0000 
270 271 45 15.5406 10.1563 -12.8027 15.6710 10.3127 -12.6783 0.0497 0.2386 238.0000 23.8000 0.0000 17.0000 2.0000 
38 272 46 14.6117 8.9954 -14.1559 13.7201 9.2573 -14.5245 0.0521 0.9997 238.0000 23.8000 0.0000 15.2266 2.0000 
272 273 46 13.7201 9.2573 -14.5245 12.8487 9.5870 -14.8869 0.0521 0.9998 238.0000 23.8000 0.0000 16.8561 2.0000 
273 274 46 12.8487 9.5870 -14.8869 12.7776 9.6139 -14.9163 0.0521 0.0815 238.0000 23.8000 0.0000 17.0000 2.0000 
39 275 47 14.9080 9.1181 -14.5580 14.7022 8.3183 -15.1214 0.0514 0.9997 238.0000 23.8000 0.0000 15.4244 2.0000 
275 276 47 14.7022 8.3183 -15.1214 14.4921 7.5295 -15.6987 0.0514 0.9999 238.0000 23.8000 0.0000 16.9882 2.0000 
276 277 47 14.4921 7.5295 -15.6987 14.4906 7.5239 -15.7029 0.0514 0.0071 238.0000 23.8000 0.0000 17.0000 2.0000 
40 278 48 15.1494 9.2080 -14.8984 15.5141 10.0708 -14.5485 0.0514 0.9999 238.0000 23.8000 0.0000 15.6057 2.0000 
278 279 48 15.5141 10.0708 -14.5485 15.7619 10.8644 -14.2258 0.0514 0.8918 238.0000 23.8000 0.0000 17.0000 2.0000 
41 280 49 15.3989 9.3555 -15.3502 16.1540 8.7035 -15.2900 0.0434 0.9995 238.0000 23.8000 0.0000 15.8406 2.0000 
280 281 49 16.1540 8.7035 -15.2900 16.7148 8.2282 -15.2417 0.0434 0.7367 238.0000 23.8000 0.0000 17.0000 2.0000 
42 282 56 15.6072 9.4973 -15.7509 15.0479 9.4968 -16.5798 0.0436 0.9999 238.0000 23.8000 0.0000 16.0355 2.0000 
282 283 56 15.0479 9.4968 -16.5798 14.7241 9.4622 -17.1138 0.0436 0.6255 238.0000 23.8000 0.0000 17.0000 2.0000 
43 284 57 15.8424 9.6047 -16.2152 15.0460 9.5570 -16.8179 0.0543 0.9999 238.0000 23.8000 0.0000 16.2628 2.0000 
284 285 57 15.0460 9.5570 -16.8179 14.6497 9.5411 -17.0892 0.0543 0.4806 238.0000 23.8000 0.0000 17.0000 2.0000 
44 286 58 16.0784 9.7114 -16.6810 16.5182 8.8360 -16.8816 0.0493 1.0000 238.0000 23.8000 0.0000 16.4942 2.0000 
286 287 58 16.5182 8.8360 -16.8816 16.6707 8.5510 -16.9490 0.0493 0.3302 238.0000 23.8000 0.0000 17.0000 2.0000 
45 288 59 16.2110 9.8185 -17.0152 15.5568 10.5641 -17.1388 0.0592 0.9996 238.0000 23.8000 0.0000 16.6664 2.0000 
288 289 59 15.5568 10.5641 -17.1388 15.4193 10.7281 -17.1627 0.0592 0.2153 238.0000 23.8000 0.0000 17.0000 2.0000 
46 290 60 16.3101 10.0101 -17.5057 17.2610 9.7098 -17.5558 0.0466 0.9984 238.0000 23.8000 0.0000 16.8601 2.0000 
290 291 60 17.2610 9.7098 -17.5558 17.3532 9.6830 -17.5627 0.0466 0.0963 238.0000 23.8000 0.0000 17.0000 2.0000 
47 292 67 16.3939 10.1753 -17.9303 15.4950 10.4597 -17.9310 0.0466 0.9428 238.0000 23.8000 0.0000 17.0000 2.0000 
48 293 68 16.5079 10.3242 -18.4969 16.7082 11.0276 -18.2481 0.0508 0.7726 238.0000 23.8000 0.0000 17.0000 2.0000 
49 294 69 16.5698 10.4417 -18.9387 16.2996 10.9227 -18.6281 0.0496 0.6331 238.0000 23.8000 0.0000 17.0000 2.0000 
50 295 70 16.6387 10.5785 -19.4734 16.3679 10.2362 -19.6219 0.0507 0.4610 238.0000 23.8000 0.0000 17.0000 2.0000 
51 296 71 16.6625 10.7392 -20.0458 16.5818 10.9884 -19.9732 0.0481 0.2718 238.0000 23.8000 0.0000 17.0000 2.0000 
52 297 79 16.6924 10.8543 -20.6042 16.7754 10.8791 -20.6012 0.0530 0.0867 238.0000 23.8000 0.0000 17.0000 2.0000 
298 299 1 0.0000 0.0000 -3.1000 0.4576 0.3001 -3.0957 0.1330 0.5473 0.0000 0.0000 205.0000 0.1685 4.0000 
299 300 1 0.4576 0.3001 -3.0957 0.8341 0.5559 -3.0891 0.1330 0.4552 0.0000 0.0000 205.0000 0.3091 4.0000 
300 301 1 0.8341 0.5559 -3.0891 1.2384 0.8345 -3.0810 0.1330 0.4911 0.0000 0.0000 205.0000 0.4611 4.0000 
301 302 1 1.2384 0.8345 -3.0810 1.7006 1.1933 -3.0843 0.1330 0.5852 0.0000 0.0000 205.0000 0.6428 4.0000 
302 303 1 1.7006 1.1933 -3.0843 2.0787 1.4899 -3.0832 0.1330 0.4805 0.0000 0.0000 205.0000 0.7924 4.0000 
303 304 1 2.0787 1.4899 -3.0832 2.4613 1.7579 -3.1206 0.1330 0.4686 0.0000 0.0000 205.0000 0.9387 4.0000 
304 305 1 2.4613 1.7579 -3.1206 2.9274 2.1152 -3.1847 0.1330 0.5909 0.0000 0.0000 205.0000 1.2524 4.0000 
305 306 1 2.9274 2.1152 -3.1847 3.3245 2.3914 -3.2560 0.1330 0.4889 0.0000 0.0000 205.0000 1.2775 4.0000 
306 307 1 3.3245 2.3914 -3.2560 3.7190 2.6742 -3.3171 0.1330 0.4892 0.0000 0.0000 205.0000 1.4316 4.0000 
307 308 1 3.7190 2.6742 -3.3171 4.0819 2.9317 -3.3829 0.1330 0.4498 0.0000 0.0000 205.0000 1.5736 4.0000 
308 309 1 4.0819 2.9317 -3.3829 4.4622 3.2121 -3.4765 0.1330 0.4817 0.0000 0.0000 205.0000 1.7262 4.0000 
309 310 1 4.4622 3.2121 -3.4765 4.8507 3.5130 -3.5695 0.1330 0.5001 0.0000 0.0000 205.0000 1.8850 4.0000 
310 311 1 4.8507 3.5130 -3.5695 5.5646 4.0780 -3.7435 0.1330 0.9269 0.0000 0.0000 205.0000 2.2040 4.0000 
311 312 1 5.5646 4.0780 -3.7435 5.9254 4.3617 -3.8206 0.1330 0.4654 0.0000 0.0000 205.0000 2.3296 4.0000 
312 313 1 5.9254 4.3617 -3.8206 6.3093 4.6651 -3.9195 0.1330 0.4992 0.0000 0.0000 205.0000 2.4898 4.0000 
313 314 1 6.3093 4.6651 -3.9195 6.6501 4.9155 -4.0162 0.1330 0.4338 0.0000 0.0000 205.0000 2.6294 4.0000 
314 315 1 6.6501 4.9155 -4.0162 7.0147 5.1613 -4.1589 0.1330 0.4623 0.0000 0.0000 205.0000 2.7786 4.0000 
315 316 1 7.0147 5.1613 -4.1589 7.4509 5.4552 -4.3298 0.1330 0.5531 0.0000 0.0000 205.0000 2.9576 4.0000 
316 317 1 7.4509 5.4552 -4.3298 7.8447 5.7223 -4.4933 0.1330 0.5031 0.0000 0.0000 205.0000 3.2827 4.0000 
317 318 1 7.8447 5.7223 -4.4933 8.2831 6.0059 -4.6753 0.1330 0.5530 0.0000 0.0000 205.0000 3.3010 4.0000 
318 319 1 8.2831 6.0059 -4.6753 8.7254 6.3269 -4.8351 0.1330 0.5694 0.0000 0.0000 205.0000 3.4870 4.0000 
319 320 1 8.7254 6.3269 -4.8351 9.0893 6.5845 -4.9674 0.1330 0.4651 0.0000 0.0000 205.0000 3.6393 4.0000 
320 321 1 9.0893 6.5845 -4.9674 9.4595 6.8179 -5.0984 0.1330 0.4568 0.0000 0.0000 205.0000 3.7894 4.0000 
321 322 1 9.4595 6.8179 -5.0984 9.8981 7.0968 -5.2616 0.1330 0.5448 0.0000 0.0000 205.0000 3.9689 4.0000 
322 323 1 9.8981 7.0968 -5.2616 10.6930 7.6282 -5.5536 0.1330 0.9997 0.0000 0.0000 205.0000 4.3000 4.0000 
323 324 1 10.6930 7.6282 -5.5536 10.7204 7.6462 -5.5639 0.1330 0.0344 0.0000 0.0000 205.0000 4.3114 4.0000 
324 325 1 10.7204 7.6462 -5.5639 11.1636 7.9032 -5.7062 0.1330 0.5317 0.0000 0.0000 205.0000 4.4882 4.0000 
325 326 1 11.1636 7.9032 -5.7062 11.5606 8.1484 -5.8300 0.1330 0.4827 0.0000 0.0000 205.0000 4.6493 4.0000 
326 327 1 11.5606 8.1484 -5.8300 11.9092 8.3542 -5.9457 0.1330 0.4211 0.0000 0.0000 205.0000 4.7901 4.0000 
327 328 1 11.9092 8.3542 -5.9457 12.3383 8.6032 -6.0926 0.1330 0.5174 0.0000 0.0000 205.0000 4.9637 4.0000 
328 329 1 12.3383 8.6032 -6.0926 13.1190 9.1484 -6.3917 0.1330 0.9981 0.0000 0.0000 205.0000 5.3010 4.0000 
329 330 1 13.1190 9.1484 -6.3917 13.1690 9.1861 -6.4126 0.1330 0.0661 0.0000 0.0000 205.0000 5.3234 4.0000 
330 331 1 13.1690 9.1861 -6.4126 13.4673 9.4123 -6.5311 0.1330 0.3926 0.0000 0.0000 205.0000 5.4563 4.0000 
331 332 1 13.4673 9.4123 -6.5311 13.7551 9.6187 -6.6464 0.1330 0.3725 0.0000 0.0000 205.0000 5.5827 4.0000 
332 333 1 13.7551 9.6187 -6.6464 14.1625 9.9075 -6.7777 0.1330 0.5164 0.0000 0.0000 205.0000 5.7584 4.0000 
333 334 1 14.1625 9.9075 -6.7777 14.5361 10.1958 -6.9678 0.1330 0.5087 0.0000 0.0000 205.0000 5.9320 4.0000 
334 335 1 14.5361 10.1958 -6.9678 15.2818 10.7416 -7.3415 0.1330 0.9967 0.0000 0.0000 205.0000 6.2749 4.0000 
335 336 1 15.2818 10.7416 -7.3415 15.3401 10.7819 -7.3684 0.1330 0.0759 0.0000 0.0000 205.0000 6.3011 4.0000 
336 337 1 15.3401 10.7819 -7.3684 15.7445 11.0134 -7.4896 0.1330 0.4814 0.0000 0.0000 205.0000 6.4670 4.0000 
337 338 1 15.7445 11.0134 -7.4896 16.1824 11.2329 -7.6242 0.1330 0.5081 0.0000 0.0000 205.0000 6.6426 4.0000 
338 339 1 16.1824 11.2329 -7.6242 16.5952 11.4138 -7.7921 0.1330 0.4809 0.0000 0.0000 205.0000 6.8093 4.0000 
339 340 1 16.5952 11.4138 -7.7921 16.9524 11.6296 -7.9723 0.1330 0.4546 0.0000 0.0000 205.0000 6.9674 4.0000 
340 341 1 16.9524 11.6296 -7.9723 17.6777 12.1651 -8.4049 0.1330 1.0000 0.0000 0.0000 205.0000 7.3171 4.0000 
341 342 1 17.6777 12.1651 -8.4049 17.9930 12.3894 -8.6022 0.1330 0.4344 0.0000 0.0000 205.0000 7.4695 4.0000 
342 343 1 17.9930 12.3894 -8.6022 18.3201 12.6265 -8.8253 0.1330 0.4615 0.0000 0.0000 205.0000 7.6319 4.0000 
343 344 1 18.3201 12.6265 -8.8253 18.7030 12.9331 -9.0909 0.1330 0.5578 0.0000 0.0000 205.0000 7.8288 4.0000 
344 345 1 18.7030 12.9331 -9.0909 19.4452 13.3434 -9.6136 0.1330 0.9963 0.0000 0.0000 205.0000 8.1835 4.0000 
345 346 1 19.4452 13.3434 -9.6136 19.5488 13.4007 -9.6866 0.1330 0.1391 0.0000 0.0000 205.0000 8.2330 4.0000 
346 347 1 19.5488 13.4007 -9.6866 19.8784 13.5977 -9.9420 0.1330 0.4611 0.0000 0.0000 205.0000 8.3975 4.0000 
347 348 1 19.8784 13.5977 -9.9420 20.2396 13.8399 -10.2621 0.1330 0.5400 0.0000 0.0000 205.0000 8.5907 4.0000 
348 349 1 20.2396 13.8399 -10.2621 20.6437 14.0543 -10.5750 0.1330 0.5543 0.0000 0.0000 205.0000 8.7898 4.0000 
349 350 1 20.6437 14.0543 -10.5750 20.9918 14.2398 -10.8524 0.1330 0.4822 0.0000 0.0000 205.0000 8.9635 4.0000 
350 351 1 20.9918 14.2398 -10.8524 21.7360 14.5827 -11.4255 0.1330 0.9999 0.0000 0.0000 205.0000 9.3259 4.0000 
351 352 1 21.7360 14.5827 -11.4255 22.0351 14.7406 -11.6796 0.1330 0.4230 0.0000 0.0000 205.0000 9.4797 4.0000 
352 353 1 22.0351 14.7406 -11.6796 22.3495 14.9148 -11.9004 0.1330 0.4219 0.0000 0.0000 205.0000 9.6336 4.0000 
353 354 1 22.3495 14.9148 -11.9004 22.7072 15.1249 -12.1488 0.1330 0.4836 0.0000 0.0000 205.0000 9.8105 4.0000 
354 355 1 22.7072 15.1249 -12.1488 23.0613 15.3269 -12.3727 0.1330 0.4651 0.0000 0.0000 205.0000 9.9811 4.0000 
355 356 1 23.0613 15.3269 -12.3727 23.1010 15.3491 -12.3965 0.1330 0.0514 0.0000 0.0000 205.0000 10.0000 4.0000 
299 357 50 0.4576 0.3001 -3.0957 0.1696 1.1258 -3.5747 0.0465 0.9972 238.0000 23.8000 0.0000 7.7477 2.0000 
357 358 50 0.1696 1.1258 -3.5747 -0.0832 1.9629 -4.0596 0.0465 0.9998 238.0000 23.8000 0.0000 9.3929 2.0000 
358 359 50 -0.0832 1.9629 -4.0596 -0.1399 2.2466 -4.2220 0.0465 0.3318 238.0000 23.8000 0.0000 10.0000 2.0000 
300 360 51 0.8341 0.5559 -3.0891 1.1089 0.5841 -4.0470 0.0528 0.9970 238.0000 23.8000 0.0000 7.8884 2.0000 
360 361 51 1.1089 0.5841 -4.0470 1.4021 0.5421 -5.0012 0.0528 0.9990 238.0000 23.8000 0.0000 9.4716 2.0000 
361 362 51 1.4021 0.5421 -5.0012 1.4926 0.5205 -5.2938 0.0528 0.3071 238.0000 23.8000 0.0000 10.0000 2.0000 
301 363 52 1.2384 0.8345 -3.0810 1.2541 0.9268 -4.0765 0.0492 1.0000 238.0000 23.8000 0.0000 8.0572 2.0000 
363 364 52 1.2541 0.9268 -4.0765 1.3572 1.0329 -5.0628 0.0492 0.9973 238.0000 23.8000 0.0000 9.6345 2.0000 
364 365 52 1.3572 1.0329 -5.0628 1.3814 1.0332 -5.2763 0.0492 0.2149 238.0000 23.8000 0.0000 10.0000 2.0000 
302 366 53 1.7006 1.1933 -3.0843 1.3383 2.0746 -3.3861 0.0494 0.9995 238.0000 23.8000 0.0000 8.2631 2.0000 
366 367 53 1.3383 2.0746 -3.3861 0.9849 2.9635 -3.6775 0.0494 0.9999 238.0000 23.8000 0.0000 9.8525 2.0000 
367 368 53 0.9849 2.9635 -3.6775 0.9542 3.0403 -3.7028 0.0494 0.0865 238.0000 23.8000 0.0000 10.0000 2.0000 
303 369 54 2.0787 1.4899 -3.0832 1.7001 2.1315 -2.4174 0.0485 0.9991 238.0000 23.8000 0.0000 8.4217 2.0000 
369 370 54 1.7001 2.1315 -2.4174 1.3166 2.7790 -1.7592 0.0485 0.9998 238.0000 23.8000 0.0000 9.9804 2.0000 
370 371 54 1.3166 2.7790 -1.7592 1.3120 2.7867 -1.7514 0.0485 0.0119 238.0000 23.8000 0.0000 10.0000 2.0000 
304 372 55 2.4613 1.7579 -3.1206 2.4764 1.5744 -4.1024 0.0429 0.9989 238.0000 23.8000 0.0000 8.5996 2.0000 
372 373 55 2.4764 1.5744 -4.1024 2.4880 1.4112 -4.9633 0.0429 0.8763 238.0000 23.8000 0.0000 10.0000 2.0000 
305 374 61 2.9274 2.1152 -3.1847 3.6059 1.5441 -2.7227 0.0541 0.9999 238.0000 23.8000 0.0000 8.7888 2.0000 
374 375 61 3.6059 1.5441 -2.7227 4.1478 1.1010 -2.3519 0.0541 0.7922 238.0000 23.8000 0.0000 10.0000 2.0000 
306 376 62 3.3245 2.3914 -3.2560 2.8295 3.0911 -2.7420 0.0503 0.9994 238.0000 23.8000 0.0000 8.9707 2.0000 
376 377 62 2.8295 3.0911 -2.7420 2.4733 3.5674 -2.4459 0.0503 0.6643 238.0000 23.8000 0.0000 10.0000 2.0000 
307 378 63 3.7190 2.6742 -3.3171 4.0670 1.8164 -3.6943 0.0460 0.9996 238.0000 23.8000 0.0000 9.1400 2.0000 
378 379 63 4.0670 1.8164 -3.6943 4.2571 1.3174 -3.8698 0.0460 0.5621 238.0000 23.8000 0.0000 10.0000 2.0000 
308 380 64 4.0819 2.9317 -3.3829 4.3354 2.0966 -3.8712 0.0482 1.0000 238.0000 23.8000 0.0000 9.3032 2.0000 
380 381 64 4.3354 2.0966 -3.8712 4.4444 1.7150 -4.0931 0.0482 0.4547 238.0000 23.8000 0.0000 10.0000 2.0000 
309 382 65 4.4622 3.2121 -3.4765 4.6610 2.6411 -4.2729 0.0452 0.9999 238.0000 23.8000 0.0000 9.4713 2.0000 
382 383 65 4.6610 2.6411 -4.2729 4.7207 2.4391 -4.5510 0.0452 0.3489 238.0000 23.8000 0.0000 10.0000 2.0000 
310 384 66 4.8507 3.5130 -3.5695 5.4814 2.8916 -3.1082 0.0458 0.9984 238.0000 23.8000 0.0000 9.6501 2.0000 
384 385 66 5.4814 2.8916 -3.1082 5.6179 2.7430 -2.9934 0.0458 0.2321 238.0000 23.8000 0.0000 10.0000 2.0000 
311 386 72 5.5646 4.0780 -3.7435 5.3353 4.1865 -2.7471 0.0400 1.0282 238.0000 23.8000 0.0000 9.8192 2.0000 
386 387 72 5.3353 4.1865 -2.7471 5.3511 4.2330 -2.6382 0.0400 0.1195 238.0000 23.8000 0.0000 10.0000 2.0000 
311 388 73 5.5646 4.0780 -3.7435 6.2327 3.6502 -3.1353 0.0523 0.9996 238.0000 23.8000 0.0000 9.9722 2.0000 
388 389 73 6.2327 3.6502 -3.1353 6.2452 3.6419 -3.1239 0.0523 0.0189 238.0000 23.8000 0.0000 10.0000 2.0000 
312 390 74 5.9254 4.3617 -3.8206 6.3184 4.1858 -3.0347 0.0367 0.8962 238.0000 23.8000 0.0000 10.0000 2.0000 
313 391 75 6.3093 4.6651 -3.9195 6.2251 5.1589 -3.3210 0.0475 0.7804 238.0000 23.8000 0.0000 10.0000 2.0000 
314 392 76 6.6501 4.9155 -4.0162 6.9691 4.4677 -3.6340 0.0447 0.6696 238.0000 23.8000 0.0000 10.0000 2.0000 
315 393 77 7.0147 5.1613 -4.1589 7.0835 4.9310 -4.6531 0.0564 0.5496 238.0000 23.8000 0.0000 10.0000 2.0000 
316 394 78 7.4509 5.4552 -4.3298 7.4295 5.8388 -4.1934 0.0496 0.4077 238.0000 23.8000 0.0000 10.0000 2.0000 
317 395 84 7.8447 5.7223 -4.4933 7.8905 5.5673 -4.7142 0.0563 0.2736 238.0000 23.8000 0.0000 10.0000 2.0000 
318 396 85 8.2831 6.0059 -4.6753 8.2075 6.1055 -4.6860 0.0484 0.1255 238.0000 23.8000 0.0000 10.0000 2.0000 
397 398 2 0.0000 0.0000 -3.1000 0.3340 0.4181 -3.2542 0.1395 0.5569 0.0000 0.0000 205.0000 0.1699 4.0000 
398 399 2 0.3340 0.4181 -3.2542 0.6627 0.7818 -3.4213 0.1395 0.5179 0.0000 0.0000 205.0000 0.3284 4.0000 
399 400 2 0.6627 0.7818 -3.4213 0.9597 1.1063 -3.5920 0.1395 0.4718 0.0000 0.0000 205.0000 0.4731 4.0000 
400 401 2 0.9597 1.1063 -3.5920 1.2547 1.4373 -3.7724 0.1395 0.4787 0.0000 0.0000 205.0000 0.6204 4.0000 
401 402 2 1.2547 1.4373 -3.7724 1.5590 1.7734 -3.9578 0.1395 0.4899 0.0000 0.0000 205.0000 0.7716 4.0000 
402 403 2 1.5590 1.7734 -3.9578 1.9105 2.1555 -4.1996 0.1395 0.5727 0.0000 0.0000 205.0000 0.9488 4.0000 
403 404 2 1.9105 2.1555 -4.1996 2.4847 2.8364 -4.6525 0.1395 0.9992 0.0000 0.0000 205.0000 1.2598 4.0000 
404 405 2 2.4847 2.8364 -4.6525 2.5696 2.9312 -4.7083 0.1395 0.1390 0.0000 0.0000 205.0000 1.3031 4.0000 
405 406 2 2.5696 2.9312 -4.7083 2.8787 3.2458 -4.8852 0.1395 0.4752 0.0000 0.0000 205.0000 1.4516 4.0000 
406 407 2 2.8787 3.2458 -4.8852 3.2604 3.6130 -5.0808 0.1395 0.5646 0.0000 0.0000 205.0000 1.6286 4.0000 
407 408 2 3.2604 3.6130 -5.0808 3.6322 3.9697 -5.2910 0.1395 0.5565 0.0000 0.0000 205.0000 1.8036 4.0000 
408 409 2 3.6322 3.9697 -5.2910 3.9006 4.2783 -5.4880 0.1395 0.4539 0.0000 0.0000 205.0000 1.9467 4.0000 
409 410 2 3.9006 4.2783 -5.4880 4.5008 4.9517 -5.9194 0.1395 0.9999 0.0000 0.0000 205.0000 2.2635 4.0000 
410 411 2 4.5008 4.9517 -5.9194 4.7560 5.2222 -6.1088 0.1395 0.4173 0.0000 0.0000 205.0000 2.3963 4.0000 
411 412 2 4.7560 5.2222 -6.1088 5.0693 5.5780 -6.3690 0.1395 0.5408 0.0000 0.0000 205.0000 2.5688 4.0000 
412 413 2 5.0693 5.5780 -6.3690 5.3296 5.8892 -6.5969 0.1395 0.4654 0.0000 0.0000 205.0000 2.7177 4.0000 
413 414 2 5.3296 5.8892 -6.5969 5.6010 6.2593 -6.8832 0.1395 0.5409 0.0000 0.0000 205.0000 2.8913 4.0000 
414 415 2 5.6010 6.2593 -6.8832 5.7779 6.4678 -7.0818 0.1395 0.3380 0.0000 0.0000 205.0000 3.0000 4.0000 
