node1ID node2ID branchID x1 y1 z1 x2 y2 z2 radius length R G B time type 
0 1 0 0.0000 0.0000 -3.0000 0.3811 0.2659 -3.0827 0.1451 0.4720 0.0000 0.0000 205.0000 0.1563 1.0000 
1 2 0 0.3811 0.2659 -3.0827 0.8233 0.5980 -3.1873 0.1451 0.5628 0.0000 0.0000 205.0000 0.3433 1.0000 
2 3 0 0.8233 0.5980 -3.1873 1.2384 0.8465 -3.3091 0.1451 0.4989 0.0000 0.0000 205.0000 0.5095 1.0000 
3 4 0 1.2384 0.8465 -3.3091 1.6264 1.0889 -3.4287 0.1451 0.4729 0.0000 0.0000 205.0000 0.6674 1.0000 
4 5 0 1.6264 1.0889 -3.4287 1.9974 1.3251 -3.5382 0.1451 0.4532 0.0000 0.0000 205.0000 0.8193 1.0000 
5 6 0 1.9974 1.3251 -3.5382 2.4665 1.6466 -3.6967 0.1451 0.5903 0.0000 0.0000 205.0000 1.1556 1.0000 
6 7 0 2.4665 1.6466 -3.6967 2.8982 1.8806 -3.8706 0.1451 0.5209 0.0000 0.0000 205.0000 1.1932 1.0000 
7 8 0 2.8982 1.8806 -3.8706 3.3066 2.1301 -4.0203 0.1451 0.5014 0.0000 0.0000 205.0000 1.3627 1.0000 
8 9 0 3.3066 2.1301 -4.0203 3.7074 2.3762 -4.1608 0.1451 0.4909 0.0000 0.0000 205.0000 1.5291 1.0000 
9 10 0 3.7074 2.3762 -4.1608 4.1217 2.6480 -4.3446 0.1451 0.5285 0.0000 0.0000 205.0000 1.7088 1.0000 
10 11 0 4.1217 2.6480 -4.3446 4.4895 2.8736 -4.5354 0.1451 0.4718 0.0000 0.0000 205.0000 1.8696 1.0000 
11 12 0 4.4895 2.8736 -4.5354 5.2179 3.3218 -4.9380 0.1451 0.9453 0.0000 0.0000 205.0000 2.2122 1.0000 
12 13 0 5.2179 3.3218 -4.9380 5.6390 3.6485 -5.1960 0.1451 0.5921 0.0000 0.0000 205.0000 2.3971 1.0000 
13 14 0 5.6390 3.6485 -5.1960 6.0441 3.9273 -5.4275 0.1451 0.5435 0.0000 0.0000 205.0000 2.5847 1.0000 
14 15 0 6.0441 3.9273 -5.4275 6.4098 4.1819 -5.6366 0.1451 0.4922 0.0000 0.0000 205.0000 2.7550 1.0000 
15 16 0 6.4098 4.1819 -5.6366 6.6914 4.4363 -5.9061 0.1451 0.4655 0.0000 0.0000 205.0000 2.9166 1.0000 
16 17 0 6.6914 4.4363 -5.9061 7.2718 4.9014 -6.4409 0.1451 0.9161 0.0000 0.0000 205.0000 3.2660 1.0000 
17 18 0 7.2718 4.9014 -6.4409 7.5541 5.1274 -6.7334 0.1451 0.4651 0.0000 0.0000 205.0000 3.3997 1.0000 
18 19 0 7.5541 5.1274 -6.7334 7.9053 5.4048 -7.0750 0.1451 0.5631 0.0000 0.0000 205.0000 3.5974 1.0000 
19 20 0 7.9053 5.4048 -7.0750 8.2570 5.6217 -7.3690 0.1451 0.5071 0.0000 0.0000 205.0000 3.7759 1.0000 
20 21 0 8.2570 5.6217 -7.3690 8.5901 5.8167 -7.6355 0.1451 0.4691 0.0000 0.0000 205.0000 3.9416 1.0000 
21 22 0 8.5901 5.8167 -7.6355 8.9533 6.0378 -7.9388 0.1451 0.5223 0.0000 0.0000 205.0000 4.2966 1.0000 
22 23 0 8.9533 6.0378 -7.9388 9.2379 6.2641 -8.2903 0.1451 0.5056 0.0000 0.0000 205.0000 4.3066 1.0000 
23 24 0 9.2379 6.2641 -8.2903 9.6538 6.5449 -8.6971 0.1451 0.6461 0.0000 0.0000 205.0000 4.5370 1.0000 
24 25 0 9.6538 6.5449 -8.6971 9.9984 6.7757 -9.0347 0.1451 0.5348 0.0000 0.0000 205.0000 4.7283 1.0000 
25 26 0 9.9984 6.7757 -9.0347 10.3558 7.0053 -9.3966 0.1451 0.5580 0.0000 0.0000 205.0000 4.9287 1.0000 
26 27 0 10.3558 7.0053 -9.3966 10.6827 7.2240 -9.7541 0.1451 0.5315 0.0000 0.0000 205.0000 5.2895 1.0000 
27 28 0 10.6827 7.2240 -9.7541 11.0069 7.3908 -10.0779 0.1451 0.4876 0.0000 0.0000 205.0000 5.2964 1.0000 
28 29 0 11.0069 7.3908 -10.0779 11.3551 7.5675 -10.4541 0.1451 0.5422 0.0000 0.0000 205.0000 5.4930 1.0000 
29 30 0 11.3551 7.5675 -10.4541 11.7294 7.7170 -10.8161 0.1451 0.5418 0.0000 0.0000 205.0000 5.6901 1.0000 
30 31 0 11.7294 7.7170 -10.8161 12.0980 7.8802 -11.2468 0.1451 0.5899 0.0000 0.0000 205.0000 5.9054 1.0000 
31 32 0 12.0980 7.8802 -11.2468 12.3985 8.0145 -11.6061 0.1451 0.4873 0.0000 0.0000 205.0000 6.2723 1.0000 
32 33 0 12.3985 8.0145 -11.6061 12.7105 8.1677 -11.9848 0.1451 0.5140 0.0000 0.0000 205.0000 6.2727 1.0000 
33 34 0 12.7105 8.1677 -11.9848 13.0264 8.3276 -12.3247 0.1451 0.4908 0.0000 0.0000 205.0000 6.4536 1.0000 
34 35 0 13.0264 8.3276 -12.3247 13.4156 8.5033 -12.7504 0.1451 0.6030 0.0000 0.0000 205.0000 6.6766 1.0000 
35 36 0 13.4156 8.5033 -12.7504 13.7688 8.6630 -13.1359 0.1451 0.5466 0.0000 0.0000 205.0000 6.8795 1.0000 
36 37 0 13.7688 8.6630 -13.1359 14.3830 8.8983 -13.8252 0.1451 0.9528 0.0000 0.0000 205.0000 7.2532 1.0000 
37 38 0 14.3830 8.8983 -13.8252 14.6117 8.9954 -14.1559 0.1451 0.4136 0.0000 0.0000 205.0000 7.3907 1.0000 
38 39 0 14.6117 8.9954 -14.1559 14.9080 9.1181 -14.5580 0.1451 0.5144 0.0000 0.0000 205.0000 7.5840 1.0000 
39 40 0 14.9080 9.1181 -14.5580 15.1494 9.2080 -14.8984 0.1451 0.4269 0.0000 0.0000 205.0000 7.7448 1.0000 
40 41 0 15.1494 9.2080 -14.8984 15.3989 9.3555 -15.3502 0.1451 0.5367 0.0000 0.0000 205.0000 7.9476 1.0000 
41 42 0 15.3989 9.3555 -15.3502 15.6072 9.4973 -15.7509 0.1451 0.4733 0.0000 0.0000 205.0000 8.3275 1.0000 
42 43 0 15.6072 9.4973 -15.7509 15.8424 9.6047 -16.2152 0.1451 0.5314 0.0000 0.0000 205.0000 8.3293 1.0000 
43 44 0 15.8424 9.6047 -16.2152 16.0784 9.7114 -16.6810 0.1451 0.5330 0.0000 0.0000 205.0000 8.5327 1.0000 
44 45 0 16.0784 9.7114 -16.6810 16.2110 9.8185 -17.0152 0.1451 0.3751 0.0000 0.0000 205.0000 8.6763 1.0000 
45 46 0 16.2110 9.8185 -17.0152 16.3101 10.0101 -17.5057 0.1451 0.5359 0.0000 0.0000 205.0000 8.8821 1.0000 
46 47 0 16.3101 10.0101 -17.5057 16.3939 10.1753 -17.9303 0.1451 0.4632 0.0000 0.0000 205.0000 9.2680 1.0000 
47 48 0 16.3939 10.1753 -17.9303 16.5079 10.3242 -18.4969 0.1451 0.5969 0.0000 0.0000 205.0000 9.2913 1.0000 
48 49 0 16.5079 10.3242 -18.4969 16.5698 10.4417 -18.9387 0.1451 0.4613 0.0000 0.0000 205.0000 9.4702 1.0000 
49 50 0 16.5698 10.4417 -18.9387 16.6387 10.5785 -19.4734 0.1451 0.5562 0.0000 0.0000 205.0000 9.6867 1.0000 
50 51 0 16.6387 10.5785 -19.4734 16.6625 10.7392 -20.0458 0.1451 0.5949 0.0000 0.0000 205.0000 9.9192 1.0000 
51 52 0 16.6625 10.7392 -20.0458 16.6924 10.8543 -20.6042 0.1451 0.5710 0.0000 0.0000 205.0000 10.3121 1.0000 
52 53 0 16.6924 10.8543 -20.6042 16.6688 10.9713 -21.0502 0.1451 0.4617 0.0000 0.0000 205.0000 10.3250 1.0000 
53 54 0 16.6688 10.9713 -21.0502 16.6705 11.0711 -21.5225 0.1451 0.4827 0.0000 0.0000 205.0000 10.5156 1.0000 
54 55 0 16.6705 11.0711 -21.5225 16.6702 11.1983 -22.1044 0.1451 0.5957 0.0000 0.0000 205.0000 10.7516 1.0000 
55 56 0 16.6702 11.1983 -22.1044 16.6638 11.3082 -22.5613 0.1451 0.4700 0.0000 0.0000 205.0000 10.9385 1.0000 
56 57 0 16.6638 11.3082 -22.5613 16.6500 11.4035 -23.0184 0.1451 0.4671 0.0000 0.0000 205.0000 11.3382 1.0000 
57 58 0 16.6500 11.4035 -23.0184 16.6444 11.5182 -23.5437 0.1451 0.5377 0.0000 0.0000 205.0000 11.3402 1.0000 
58 59 0 16.6444 11.5182 -23.5437 16.6839 11.5760 -24.0138 0.1451 0.4752 0.0000 0.0000 205.0000 11.5311 1.0000 
59 60 0 16.6839 11.5760 -24.0138 16.6944 11.6266 -24.5028 0.1451 0.4917 0.0000 0.0000 205.0000 11.7292 1.0000 
60 61 0 16.6944 11.6266 -24.5028 16.7040 11.6706 -24.9656 0.1451 0.4650 0.0000 0.0000 205.0000 11.9173 1.0000 
61 62 0 16.7040 11.6706 -24.9656 16.7007 11.7460 -25.9626 0.1451 0.9999 0.0000 0.0000 205.0000 12.3239 1.0000 
62 63 0 16.7007 11.7460 -25.9626 16.6989 11.7846 -26.4669 0.1451 0.5058 0.0000 0.0000 205.0000 12.5305 1.0000 
63 64 0 16.6989 11.7846 -26.4669 16.6961 11.8246 -26.9689 0.1451 0.5036 0.0000 0.0000 205.0000 12.7369 1.0000 
64 65 0 16.6961 11.8246 -26.9689 16.6902 11.8437 -27.4179 0.1451 0.4495 0.0000 0.0000 205.0000 12.9218 1.0000 
65 66 0 16.6902 11.8437 -27.4179 16.6873 11.8549 -28.4174 0.1451 0.9996 0.0000 0.0000 205.0000 13.3353 1.0000 
66 67 0 16.6873 11.8549 -28.4174 16.6873 11.8549 -28.4230 0.1451 0.0056 0.0000 0.0000 205.0000 13.3376 1.0000 
67 68 0 16.6873 11.8549 -28.4230 16.6897 11.8528 -28.9718 0.1451 0.5488 0.0000 0.0000 205.0000 13.5658 1.0000 
68 69 0 16.6897 11.8528 -28.9718 16.6633 11.8550 -29.4388 0.1451 0.4677 0.0000 0.0000 205.0000 13.7609 1.0000 
69 70 0 16.6633 11.8550 -29.4388 16.6389 11.8708 -29.9576 0.1451 0.5195 0.0000 0.0000 205.0000 13.9784 1.0000 
70 71 0 16.6389 11.8708 -29.9576 16.6613 11.8893 -30.9566 0.1451 0.9995 0.0000 0.0000 205.0000 14.4000 1.0000 
71 72 0 16.6613 11.8893 -30.9566 16.6715 11.8985 -31.3660 0.1451 0.4096 0.0000 0.0000 205.0000 14.5733 1.0000 
72 73 0 16.6715 11.8985 -31.3660 16.6686 11.9080 -31.7676 0.1451 0.4017 0.0000 0.0000 205.0000 14.7437 1.0000 
73 74 0 16.6686 11.9080 -31.7676 16.6580 11.9167 -32.1945 0.1451 0.4272 0.0000 0.0000 205.0000 14.9255 1.0000 
74 75 0 16.6580 11.9167 -32.1945 16.6150 11.9658 -33.1923 0.1451 0.9999 0.0000 0.0000 205.0000 15.3534 1.0000 
75 76 0 16.6150 11.9658 -33.1923 16.6061 11.9723 -33.3622 0.1451 0.1702 0.0000 0.0000 205.0000 15.4265 1.0000 
76 77 0 16.6061 11.9723 -33.3622 16.5675 11.9567 -33.7878 0.1451 0.4277 0.0000 0.0000 205.0000 15.6107 1.0000 
77 78 0 16.5675 11.9567 -33.7878 16.5276 11.9418 -34.2626 0.1451 0.4767 0.0000 0.0000 205.0000 15.8166 1.0000 
78 79 0 16.5276 11.9418 -34.2626 16.4854 11.9159 -35.2581 0.1451 0.9967 0.0000 0.0000 205.0000 16.2512 1.0000 
79 80 0 16.4854 11.9159 -35.2581 16.4836 11.9150 -35.3029 0.1451 0.0449 0.0000 0.0000 205.0000 16.2708 1.0000 
80 81 0 16.4836 11.9150 -35.3029 16.5023 11.9039 -35.7794 0.1451 0.4770 0.0000 0.0000 205.0000 16.4792 1.0000 
81 82 0 16.5023 11.9039 -35.7794 16.5306 11.9152 -36.2349 0.1451 0.4565 0.0000 0.0000 205.0000 16.6793 1.0000 
82 83 0 16.5306 11.9152 -36.2349 16.5634 11.9213 -36.7240 0.1451 0.4903 0.0000 0.0000 205.0000 16.8950 1.0000 
83 84 0 16.5634 11.9213 -36.7240 16.5589 11.8996 -37.7227 0.1451 0.9990 0.0000 0.0000 205.0000 17.3409 1.0000 
84 85 0 16.5589 11.8996 -37.7227 16.5589 11.9088 -38.1309 0.1451 0.4083 0.0000 0.0000 205.0000 17.5225 1.0000 
85 86 0 16.5589 11.9088 -38.1309 16.5097 11.9023 -38.6397 0.1451 0.5112 0.0000 0.0000 205.0000 17.7507 1.0000 
86 87 0 16.5097 11.9023 -38.6397 16.4499 11.9337 -39.1393 0.1451 0.5041 0.0000 0.0000 205.0000 17.9766 1.0000 
87 88 0 16.4499 11.9337 -39.1393 16.4436 11.9369 -39.1910 0.1451 0.0522 0.0000 0.0000 205.0000 18.0000 1.0000 
1 89 6 0.3811 0.2659 -3.0827 -0.3037 0.9805 -3.2114 0.0582 0.9981 238.0000 23.8000 0.0000 7.1980 2.0000 
89 90 6 -0.3037 0.9805 -3.2114 -0.9893 1.7009 -3.3024 0.0582 0.9986 238.0000 23.8000 0.0000 8.7658 2.0000 
90 91 6 -0.9893 1.7009 -3.3024 -1.6913 2.4059 -3.3963 0.0582 0.9993 238.0000 23.8000 0.0000 10.5406 2.0000 
91 92 6 -1.6913 2.4059 -3.3963 -2.3839 3.1204 -3.4944 0.0582 0.9999 238.0000 23.8000 0.0000 12.5889 2.0000 
92 93 6 -2.3839 3.1204 -3.4944 -3.0825 3.8277 -3.5949 0.0582 0.9992 238.0000 23.8000 0.0000 15.0000 2.0000 
93 94 6 -3.0825 3.8277 -3.5949 -3.7906 4.5249 -3.7062 0.0582 0.9999 238.0000 23.8000 0.0000 17.9415 2.0000 
94 95 6 -3.7906 4.5249 -3.7062 -3.8032 4.5373 -3.7082 0.0582 0.0178 238.0000 23.8000 0.0000 18.0000 2.0000 
2 96 7 0.8233 0.5980 -3.1873 0.2414 1.1849 -3.7403 0.0509 0.9944 238.0000 23.8000 0.0000 7.4009 2.0000 
96 97 7 0.2414 1.1849 -3.7403 -0.3673 1.7914 -4.2499 0.0509 0.9991 238.0000 23.8000 0.0000 8.9638 2.0000 
97 98 7 -0.3673 1.7914 -4.2499 -0.9527 2.4015 -4.7831 0.0509 0.9995 238.0000 23.8000 0.0000 10.7281 2.0000 
98 99 7 -0.9527 2.4015 -4.7831 -1.5230 3.0192 -5.3236 0.0509 0.9995 238.0000 23.8000 0.0000 12.7537 2.0000 
99 100 7 -1.5230 3.0192 -5.3236 -2.1317 3.6099 -5.8528 0.0509 0.9997 238.0000 23.8000 0.0000 15.1340 2.0000 
100 101 7 -2.1317 3.6099 -5.8528 -2.7483 4.1918 -6.3746 0.0509 0.9955 238.0000 23.8000 0.0000 18.0000 2.0000 
3 102 8 1.2384 0.8465 -3.3091 1.9805 0.2057 -3.1139 0.0517 0.9998 238.0000 23.8000 0.0000 7.5724 2.0000 
102 103 8 1.9805 0.2057 -3.1139 2.6973 -0.4581 -2.9033 0.0517 0.9994 238.0000 23.8000 0.0000 9.0950 2.0000 
103 104 8 2.6973 -0.4581 -2.9033 3.4259 -1.1202 -2.7747 0.0517 0.9929 238.0000 23.8000 0.0000 10.7745 2.0000 
104 105 8 3.4259 -1.1202 -2.7747 4.1510 -1.7946 -2.6408 0.0517 0.9993 238.0000 23.8000 0.0000 12.6482 2.0000 
105 106 8 4.1510 -1.7946 -2.6408 4.9175 -2.4117 -2.4807 0.0517 0.9969 238.0000 23.8000 0.0000 14.7670 2.0000 
106 107 8 4.9175 -2.4117 -2.4807 5.7070 -2.9963 -2.3015 0.0517 0.9986 238.0000 23.8000 0.0000 17.2055 2.0000 
107 108 8 5.7070 -2.9963 -2.3015 5.9382 -3.1675 -2.2367 0.0517 0.2949 238.0000 23.8000 0.0000 18.0000 2.0000 
4 109 9 1.6264 1.0889 -3.4287 1.4565 0.8101 -4.3696 0.0471 0.9959 238.0000 23.8000 0.0000 7.7634 2.0000 
109 110 9 1.4565 0.8101 -4.3696 1.2886 0.5320 -5.3153 0.0471 1.0000 238.0000 23.8000 0.0000 9.3464 2.0000 
110 111 9 1.2886 0.5320 -5.3153 1.0827 0.2635 -6.2562 0.0471 0.9999 238.0000 23.8000 0.0000 11.1552 2.0000 
111 112 9 1.0827 0.2635 -6.2562 0.8381 0.0261 -7.1960 0.0471 0.9997 238.0000 23.8000 0.0000 13.2631 2.0000 
112 113 9 0.8381 0.0261 -7.1960 0.5963 -0.1894 -8.1402 0.0471 0.9982 238.0000 23.8000 0.0000 15.7895 2.0000 
113 114 9 0.5963 -0.1894 -8.1402 0.3638 -0.3804 -8.8013 0.0471 0.7263 238.0000 23.8000 0.0000 18.0000 2.0000 
5 115 10 1.9974 1.3251 -3.5382 1.5815 1.9160 -4.2290 0.0474 0.9998 238.0000 23.8000 0.0000 7.9228 2.0000 
115 116 10 1.5815 1.9160 -4.2290 1.1406 2.4836 -4.9243 0.0474 0.9999 238.0000 23.8000 0.0000 9.4774 2.0000 
116 117 10 1.1406 2.4836 -4.9243 0.7203 3.0770 -5.6102 0.0474 0.9997 238.0000 23.8000 0.0000 11.2250 2.0000 
117 118 10 0.7203 3.0770 -5.6102 0.2589 3.6776 -6.2632 0.0474 0.9999 238.0000 23.8000 0.0000 13.2207 2.0000 
118 119 10 0.2589 3.6776 -6.2632 -0.2068 4.2888 -6.9028 0.0474 0.9998 238.0000 23.8000 0.0000 15.5474 2.0000 
119 120 10 -0.2068 4.2888 -6.9028 -0.6369 4.8177 -7.4754 0.0474 0.8903 238.0000 23.8000 0.0000 18.0000 2.0000 
6 121 11 2.4665 1.6466 -3.6967 2.9680 1.6154 -2.8322 0.0433 0.9999 238.0000 23.8000 0.0000 8.1595 2.0000 
121 122 11 2.9680 1.6154 -2.8322 3.5185 1.5794 -1.9999 0.0433 0.9985 238.0000 23.8000 0.0000 9.7795 2.0000 
122 123 11 3.5185 1.5794 -1.9999 4.0367 1.5344 -1.1462 0.0433 0.9997 238.0000 23.8000 0.0000 11.6693 2.0000 
123 124 11 4.0367 1.5344 -1.1462 4.6266 1.5415 -0.3435 0.0433 0.9962 238.0000 23.8000 0.0000 13.9432 2.0000 
124 125 11 4.6266 1.5415 -0.3435 5.1758 1.5456 0.4907 0.0433 0.9988 238.0000 23.8000 0.0000 16.7779 2.0000 
125 126 11 5.1758 1.5456 0.4907 5.3614 1.5555 0.7992 0.0433 0.3601 238.0000 23.8000 0.0000 18.0000 2.0000 
7 127 12 2.8982 1.8806 -3.8706 2.3622 2.6421 -3.5077 0.0487 0.9995 238.0000 23.8000 0.0000 8.3361 2.0000 
127 128 12 2.3622 2.6421 -3.5077 1.8081 3.3898 -3.1423 0.0487 0.9997 238.0000 23.8000 0.0000 9.8943 2.0000 
128 129 12 1.8081 3.3898 -3.1423 1.2219 4.1174 -2.7867 0.0487 0.9997 238.0000 23.8000 0.0000 11.6488 2.0000 
129 130 12 1.2219 4.1174 -2.7867 0.6412 4.8429 -2.4253 0.0487 0.9971 238.0000 23.8000 0.0000 13.6582 2.0000 
130 131 12 0.6412 4.8429 -2.4253 0.0599 5.5728 -2.0704 0.0487 0.9983 238.0000 23.8000 0.0000 16.0000 2.0000 
131 132 12 0.0599 5.5728 -2.0704 -0.2900 6.1394 -1.7823 0.0487 0.7256 238.0000 23.8000 0.0000 18.0000 2.0000 
8 133 13 3.3066 2.1301 -4.0203 3.9340 1.6060 -3.4493 0.0397 0.9972 238.0000 23.8000 0.0000 8.5347 2.0000 
133 134 13 3.9340 1.6060 -3.4493 4.5646 1.0846 -2.8746 0.0397 0.9999 238.0000 23.8000 0.0000 10.1367 2.0000 
134 135 13 4.5646 1.0846 -2.8746 5.1849 0.5834 -2.2720 0.0397 0.9996 238.0000 23.8000 0.0000 11.9853 2.0000 
135 136 13 5.1849 0.5834 -2.2720 5.7826 0.0759 -1.6515 0.0397 0.9998 238.0000 23.8000 0.0000 14.1743 2.0000 
136 137 13 5.7826 0.0759 -1.6515 6.3945 -0.4441 -1.0560 0.0397 0.9998 238.0000 23.8000 0.0000 16.8506 2.0000 
137 138 13 6.3945 -0.4441 -1.0560 6.6154 -0.6400 -0.8397 0.0397 0.3660 238.0000 23.8000 0.0000 18.0000 2.0000 
9 139 14 3.7074 2.3762 -4.1608 4.1938 1.8145 -3.4927 0.0598 0.9992 238.0000 23.8000 0.0000 8.7173 2.0000 
139 140 14 4.1938 1.8145 -3.4927 4.7161 1.2631 -2.8427 0.0598 0.9997 238.0000 23.8000 0.0000 10.3158 2.0000 
140 141 14 4.7161 1.2631 -2.8427 5.2182 0.7252 -2.1656 0.0598 1.0000 238.0000 23.8000 0.0000 12.1574 2.0000 
141 142 14 5.2182 0.7252 -2.1656 5.7291 0.1975 -1.4876 0.0598 0.9996 238.0000 23.8000 0.0000 14.3294 2.0000 
142 143 14 5.7291 0.1975 -1.4876 6.2239 -0.3455 -0.8119 0.0598 0.9981 238.0000 23.8000 0.0000 16.9741 2.0000 
143 144 14 6.2239 -0.3455 -0.8119 6.3879 -0.5256 -0.5848 0.0598 0.3330 238.0000 23.8000 0.0000 18.0000 2.0000 
10 145 15 4.1217 2.6480 -4.3446 3.8861 2.5218 -5.3078 0.0555 0.9996 238.0000 23.8000 0.0000 8.9078 2.0000 
145 146 15 3.8861 2.5218 -5.3078 3.6815 2.3688 -6.2740 0.0555 0.9994 238.0000 23.8000 0.0000 10.4775 2.0000 
146 147 15 3.6815 2.3688 -6.2740 3.4873 2.2204 -7.2427 0.0555 0.9990 238.0000 23.8000 0.0000 12.2577 2.0000 
147 148 15 3.4873 2.2204 -7.2427 3.2474 2.1017 -8.2059 0.0555 0.9997 238.0000 23.8000 0.0000 14.3104 2.0000 
148 149 15 3.2474 2.1017 -8.2059 2.9727 1.9977 -9.1608 0.0555 0.9991 238.0000 23.8000 0.0000 16.7359 2.0000 
149 150 15 2.9727 1.9977 -9.1608 2.8400 1.9395 -9.5906 0.0555 0.4536 238.0000 23.8000 0.0000 18.0000 2.0000 
11 151 16 4.4895 2.8736 -4.5354 4.6369 2.2207 -5.2783 0.0486 0.9999 238.0000 23.8000 0.0000 9.0785 2.0000 
151 152 16 4.6369 2.2207 -5.2783 4.7480 1.5695 -6.0283 0.0486 0.9995 238.0000 23.8000 0.0000 10.6194 2.0000 
152 153 16 4.7480 1.5695 -6.0283 4.8585 0.9366 -6.7945 0.0486 0.9999 238.0000 23.8000 0.0000 12.3384 2.0000 
153 154 16 4.8585 0.9366 -6.7945 4.9871 0.3138 -7.5655 0.0486 0.9994 238.0000 23.8000 0.0000 14.2896 2.0000 
154 155 16 4.9871 0.3138 -7.5655 5.1218 -0.3131 -8.3323 0.0486 0.9995 238.0000 23.8000 0.0000 16.5243 2.0000 
155 156 16 5.1218 -0.3131 -8.3323 5.2003 -0.6405 -8.8070 0.0486 0.5821 238.0000 23.8000 0.0000 18.0000 2.0000 
12 157 17 5.2179 3.3218 -4.9380 4.4832 4.0071 -4.5469 0.0471 1.0781 238.0000 23.8000 0.0000 9.2785 2.0000 
157 158 17 4.4832 4.0071 -4.5469 4.0987 4.9190 -4.4119 0.0471 0.9989 238.0000 23.8000 0.0000 10.8771 2.0000 
158 159 17 4.0987 4.9190 -4.4119 3.7356 5.8397 -4.2790 0.0471 0.9986 238.0000 23.8000 0.0000 12.7187 2.0000 
159 160 17 3.7356 5.8397 -4.2790 3.3199 6.7414 -4.1720 0.0471 0.9986 238.0000 23.8000 0.0000 14.8896 2.0000 
160 161 17 3.3199 6.7414 -4.1720 2.9646 7.6701 -4.0723 0.0471 0.9994 238.0000 23.8000 0.0000 17.5376 2.0000 
161 162 17 2.9646 7.6701 -4.0723 2.9117 7.8131 -4.0550 0.0471 0.1535 238.0000 23.8000 0.0000 18.0000 2.0000 
12 163 18 5.2179 3.3218 -4.9380 5.1059 2.9102 -5.8415 0.0507 0.9991 238.0000 23.8000 0.0000 9.4470 2.0000 
163 164 18 5.1059 2.9102 -5.8415 5.0343 2.5339 -6.7650 0.0507 0.9998 238.0000 23.8000 0.0000 11.0334 2.0000 
164 165 18 5.0343 2.5339 -6.7650 4.9114 2.0959 -7.6538 0.0507 0.9984 238.0000 23.8000 0.0000 12.8453 2.0000 
165 166 18 4.9114 2.0959 -7.6538 4.7900 1.6846 -8.5571 0.0507 0.9999 238.0000 23.8000 0.0000 14.9599 2.0000 
166 167 18 4.7900 1.6846 -8.5571 4.6597 1.2567 -9.4507 0.0507 0.9994 238.0000 23.8000 0.0000 17.5083 2.0000 
167 168 18 4.6597 1.2567 -9.4507 4.6410 1.1847 -9.6052 0.0507 0.1715 238.0000 23.8000 0.0000 18.0000 2.0000 
13 169 19 5.6390 3.6485 -5.1960 5.0754 4.4704 -5.1178 0.0594 0.9996 238.0000 23.8000 0.0000 9.6722 2.0000 
169 170 19 5.0754 4.4704 -5.1178 4.5195 5.2977 -5.0402 0.0594 0.9998 238.0000 23.8000 0.0000 11.2578 2.0000 
170 171 19 4.5195 5.2977 -5.0402 4.0677 6.1887 -5.0500 0.0594 0.9991 238.0000 23.8000 0.0000 13.0722 2.0000 
171 172 19 4.0677 6.1887 -5.0500 3.5817 7.0624 -5.0292 0.0594 0.9999 238.0000 23.8000 0.0000 15.1905 2.0000 
172 173 19 3.5817 7.0624 -5.0292 3.0967 7.9366 -5.0087 0.0594 1.0000 238.0000 23.8000 0.0000 17.7346 2.0000 
173 174 19 3.0967 7.9366 -5.0087 3.0517 8.0183 -5.0067 0.0594 0.0932 238.0000 23.8000 0.0000 18.0000 2.0000 
14 175 20 6.0441 3.9273 -5.4275 6.7531 3.2272 -5.3449 0.0527 0.9999 238.0000 23.8000 0.0000 9.8823 2.0000 
175 176 20 6.7531 3.2272 -5.3449 7.4752 2.5434 -5.2446 0.0527 0.9994 238.0000 23.8000 0.0000 11.4786 2.0000 
176 177 20 7.4752 2.5434 -5.2446 8.1649 1.8234 -5.2559 0.0527 0.9972 238.0000 23.8000 0.0000 13.3185 2.0000 
177 178 20 8.1649 1.8234 -5.2559 8.8689 1.1138 -5.2832 0.0527 0.9999 238.0000 23.8000 0.0000 15.4809 2.0000 
178 179 20 8.8689 1.1138 -5.2832 9.5446 0.4331 -5.2693 0.0527 0.9592 238.0000 23.8000 0.0000 18.0000 2.0000 
15 180 21 6.4098 4.1819 -5.6366 6.2548 3.7809 -6.5395 0.0433 1.0000 238.0000 23.8000 0.0000 10.0707 2.0000 
180 181 21 6.2548 3.7809 -6.5395 6.0742 3.4157 -7.4518 0.0433 0.9992 238.0000 23.8000 0.0000 11.6669 2.0000 
181 182 21 6.0742 3.4157 -7.4518 5.8826 3.0350 -8.3561 0.0433 0.9998 238.0000 23.8000 0.0000 13.5033 2.0000 
182 183 21 5.8826 3.0350 -8.3561 5.7093 2.6716 -9.2705 0.0433 0.9991 238.0000 23.8000 0.0000 15.6657 2.0000 
183 184 21 5.7093 2.6716 -9.2705 5.6133 2.3299 -10.0926 0.0433 0.8954 238.0000 23.8000 0.0000 18.0000 2.0000 
16 185 22 6.6914 4.4363 -5.9061 6.3281 5.2867 -5.5257 0.0339 1.0000 238.0000 23.8000 0.0000 10.2702 2.0000 
185 186 22 6.3281 5.2867 -5.5257 5.9601 6.1610 -5.2142 0.0339 0.9984 238.0000 23.8000 0.0000 11.9464 2.0000 
186 187 22 5.9601 6.1610 -5.2142 5.5842 7.0062 -4.8362 0.0339 0.9993 238.0000 23.8000 0.0000 13.9671 2.0000 
187 188 22 5.5842 7.0062 -4.8362 5.1516 7.8204 -4.4533 0.0339 0.9984 238.0000 23.8000 0.0000 16.5157 2.0000 
188 189 22 5.1516 7.8204 -4.4533 4.9512 8.2127 -4.2763 0.0339 0.4747 238.0000 23.8000 0.0000 18.0000 2.0000 
17 190 23 7.2718 4.9014 -6.4409 6.2405 5.3873 -6.1537 0.0519 1.1756 238.0000 23.8000 0.0000 10.3882 2.0000 
190 191 23 6.2405 5.3873 -6.1537 5.5951 6.1494 -6.1906 0.0519 0.9993 238.0000 23.8000 0.0000 11.9456 2.0000 
191 192 23 5.5951 6.1494 -6.1906 4.9321 6.8960 -6.2043 0.0519 0.9986 238.0000 23.8000 0.0000 13.6985 2.0000 
192 193 23 4.9321 6.8960 -6.2043 4.2802 7.6529 -6.2467 0.0519 0.9998 238.0000 23.8000 0.0000 15.7032 2.0000 
193 194 23 4.2802 7.6529 -6.2467 3.6182 8.3760 -6.2805 0.0519 0.9810 238.0000 23.8000 0.0000 18.0000 2.0000 
17 195 24 7.2718 4.9014 -6.4409 6.4864 5.4921 -6.6192 0.0495 0.9988 238.0000 23.8000 0.0000 10.5857 2.0000 
195 196 24 6.4864 5.4921 -6.6192 5.7032 6.1046 -6.7238 0.0495 0.9998 238.0000 23.8000 0.0000 12.1207 2.0000 
196 197 24 5.7032 6.1046 -6.7238 4.9475 6.7400 -6.8811 0.0495 0.9997 238.0000 23.8000 0.0000 13.8213 2.0000 
197 198 24 4.9475 6.7400 -6.8811 4.2192 7.4170 -6.9730 0.0495 0.9987 238.0000 23.8000 0.0000 15.7338 2.0000 
198 199 24 4.2192 7.4170 -6.9730 3.4815 8.0824 -7.0840 0.0495 0.9996 238.0000 23.8000 0.0000 17.9136 2.0000 
199 200 24 3.4815 8.0824 -7.0840 3.4540 8.1066 -7.0879 0.0495 0.0368 238.0000 23.8000 0.0000 18.0000 2.0000 
18 201 25 7.5541 5.1274 -6.7334 7.4356 4.7479 -7.6509 0.0516 1.0000 238.0000 23.8000 0.0000 10.7779 2.0000 
201 202 25 7.4356 4.7479 -7.6509 7.2968 4.3284 -8.5477 0.0516 0.9997 238.0000 23.8000 0.0000 12.3530 2.0000 
202 203 25 7.2968 4.3284 -8.5477 7.2204 3.9093 -9.4513 0.0516 0.9990 238.0000 23.8000 0.0000 14.1498 2.0000 
203 204 25 7.2204 3.9093 -9.4513 7.1098 3.5592 -10.3811 0.0516 0.9997 238.0000 23.8000 0.0000 16.2262 2.0000 
204 205 25 7.1098 3.5592 -10.3811 7.0271 3.3030 -11.0690 0.0516 0.7387 238.0000 23.8000 0.0000 18.0000 2.0000 
19 206 26 7.9053 5.4048 -7.0750 8.1240 4.5394 -7.5203 0.0508 0.9975 238.0000 23.8000 0.0000 10.9959 2.0000 
206 207 26 8.1240 4.5394 -7.5203 8.2865 3.6749 -7.9831 0.0508 0.9939 238.0000 23.8000 0.0000 12.5674 2.0000 
207 208 26 8.2865 3.6749 -7.9831 8.4291 2.7902 -8.4253 0.0508 0.9993 238.0000 23.8000 0.0000 14.3507 2.0000 
208 209 26 8.4291 2.7902 -8.4253 8.5347 1.9011 -8.8705 0.0508 0.9999 238.0000 23.8000 0.0000 16.4160 2.0000 
209 210 26 8.5347 1.9011 -8.8705 8.6226 1.3302 -9.2088 0.0508 0.6694 238.0000 23.8000 0.0000 18.0000 2.0000 
20 211 27 8.2570 5.6217 -7.3690 8.9828 5.0911 -6.9313 0.0503 0.9999 238.0000 23.8000 0.0000 11.1941 2.0000 
211 212 27 8.9828 5.0911 -6.9313 9.7024 4.5460 -6.5022 0.0503 0.9996 238.0000 23.8000 0.0000 12.7641 2.0000 
212 213 27 9.7024 4.5460 -6.5022 10.4157 4.0000 -6.0637 0.0503 0.9996 238.0000 23.8000 0.0000 14.5437 2.0000 
213 214 27 10.4157 4.0000 -6.0637 11.0862 3.4091 -5.6164 0.0503 0.9994 238.0000 23.8000 0.0000 16.6006 2.0000 
214 215 27 11.0862 3.4091 -5.6164 11.4891 3.0603 -5.3441 0.0503 0.5984 238.0000 23.8000 0.0000 18.0000 2.0000 
21 216 28 8.5901 5.8167 -7.6355 8.9667 6.3623 -6.8900 0.0448 0.9976 238.0000 23.8000 0.0000 11.3736 2.0000 
216 217 28 8.9667 6.3623 -6.8900 9.3571 6.9080 -6.1495 0.0448 0.9992 238.0000 23.8000 0.0000 12.9324 2.0000 
217 218 28 9.3571 6.9080 -6.1495 9.7094 7.5126 -5.4377 0.0448 0.9982 238.0000 23.8000 0.0000 14.6885 2.0000 
218 219 28 9.7094 7.5126 -5.4377 9.9872 8.1757 -4.7431 0.0448 0.9997 238.0000 23.8000 0.0000 16.6993 2.0000 
219 220 28 9.9872 8.1757 -4.7431 10.1604 8.5652 -4.3588 0.0448 0.5739 238.0000 23.8000 0.0000 18.0000 2.0000 
22 221 29 8.9533 6.0378 -7.9388 8.5252 6.5822 -8.6596 0.0526 0.9996 238.0000 23.8000 0.0000 11.6008 2.0000 
221 222 29 8.5252 6.5822 -8.6596 8.0949 7.1410 -9.3685 0.0526 1.0000 238.0000 23.8000 0.0000 13.2423 2.0000 
222 223 29 8.0949 7.1410 -9.3685 7.6459 7.7170 -10.0516 0.0526 1.0000 238.0000 23.8000 0.0000 15.1810 2.0000 
223 224 29 7.6459 7.7170 -10.0516 7.1997 8.2629 -10.7584 0.0526 0.9984 238.0000 23.8000 0.0000 17.5459 2.0000 
224 225 29 7.1997 8.2629 -10.7584 7.1215 8.3615 -10.8700 0.0526 0.1682 238.0000 23.8000 0.0000 18.0000 2.0000 
23 226 30 9.2379 6.2641 -8.2903 9.4094 7.1470 -7.8536 0.0598 0.9998 238.0000 23.8000 0.0000 11.7777 2.0000 
226 227 30 9.4094 7.1470 -7.8536 9.6018 8.0264 -7.4194 0.0598 0.9995 238.0000 23.8000 0.0000 13.3349 2.0000 
227 228 30 9.6018 8.0264 -7.4194 9.8162 8.8984 -6.9800 0.0598 0.9996 238.0000 23.8000 0.0000 15.0868 2.0000 
228 229 30 9.8162 8.8984 -6.9800 10.0222 9.7838 -6.5635 0.0598 1.0000 238.0000 23.8000 0.0000 17.0906 2.0000 
229 230 30 10.0222 9.7838 -6.5635 10.1058 10.1462 -6.3933 0.0598 0.4090 238.0000 23.8000 0.0000 18.0000 2.0000 
24 231 31 9.6538 6.5449 -8.6971 10.3687 6.5641 -7.9985 0.0480 0.9997 238.0000 23.8000 0.0000 12.0433 2.0000 
231 232 31 10.3687 6.5641 -7.9985 11.1064 6.6524 -7.3315 0.0480 0.9985 238.0000 23.8000 0.0000 13.6343 2.0000 
232 233 31 11.1064 6.6524 -7.3315 11.8258 6.7612 -6.6455 0.0480 0.9999 238.0000 23.8000 0.0000 15.4594 2.0000 
233 234 31 11.8258 6.7612 -6.6455 12.5361 6.8419 -5.9470 0.0480 0.9995 238.0000 23.8000 0.0000 17.6010 2.0000 
234 235 31 12.5361 6.8419 -5.9470 12.6532 6.8469 -5.8263 0.0480 0.1682 238.0000 23.8000 0.0000 18.0000 2.0000 
25 236 32 9.9984 6.7757 -9.0347 9.8878 6.1801 -9.8299 0.0490 0.9996 238.0000 23.8000 0.0000 12.2489 2.0000 
236 237 32 9.8878 6.1801 -9.8299 9.7749 5.6381 -10.6623 0.0490 0.9997 238.0000 23.8000 0.0000 13.8168 2.0000 
237 238 32 9.7749 5.6381 -10.6623 9.6708 5.0918 -11.4933 0.0490 0.9999 238.0000 23.8000 0.0000 15.5918 2.0000 
238 239 32 9.6708 5.0918 -11.4933 9.5444 4.5643 -12.3332 0.0490 0.9998 238.0000 23.8000 0.0000 17.6378 2.0000 
239 240 32 9.5444 4.5643 -12.3332 9.5274 4.4742 -12.4665 0.0490 0.1618 238.0000 23.8000 0.0000 18.0000 2.0000 
26 241 33 10.3558 7.0053 -9.3966 9.8553 7.1088 -10.2558 0.0476 0.9997 238.0000 23.8000 0.0000 12.4776 2.0000 
241 242 33 9.8553 7.1088 -10.2558 9.3699 7.1785 -11.1272 0.0476 1.0000 238.0000 23.8000 0.0000 14.0719 2.0000 
242 243 33 9.3699 7.1785 -11.1272 8.8626 7.1574 -11.9877 0.0476 0.9991 238.0000 23.8000 0.0000 15.9016 2.0000 
243 244 33 8.8626 7.1574 -11.9877 8.3467 7.1387 -12.8188 0.0476 0.9783 238.0000 23.8000 0.0000 18.0000 2.0000 
27 245 34 10.6827 7.2240 -9.7541 11.1781 6.3674 -9.8977 0.0416 0.9999 238.0000 23.8000 0.0000 12.6895 2.0000 
245 246 34 11.1781 6.3674 -9.8977 11.6539 5.4975 -10.0258 0.0416 0.9998 238.0000 23.8000 0.0000 14.2804 2.0000 
246 247 34 11.6539 5.4975 -10.0258 12.0373 4.5803 -10.1310 0.0416 0.9996 238.0000 23.8000 0.0000 16.1084 2.0000 
247 248 34 12.0373 4.5803 -10.1310 12.4237 3.7819 -10.2339 0.0416 0.8929 238.0000 23.8000 0.0000 18.0000 2.0000 
28 249 35 11.0069 7.3908 -10.0779 11.7078 7.6189 -9.4060 0.0447 0.9973 238.0000 23.8000 0.0000 12.8749 2.0000 
249 250 35 11.7078 7.6189 -9.4060 12.4064 7.8665 -8.7349 0.0447 0.9999 238.0000 23.8000 0.0000 14.4282 2.0000 
250 251 35 12.4064 7.8665 -8.7349 13.0948 8.1560 -8.0700 0.0447 0.9998 238.0000 23.8000 0.0000 16.1729 2.0000 
251 252 35 13.0948 8.1560 -8.0700 13.6975 8.4199 -7.4213 0.0447 0.9240 238.0000 23.8000 0.0000 18.0000 2.0000 
29 253 36 11.3551 7.5675 -10.4541 10.5965 7.0736 -10.8779 0.0487 0.9995 238.0000 23.8000 0.0000 13.1109 2.0000 
253 254 36 10.5965 7.0736 -10.8779 9.8211 6.5725 -11.2599 0.0487 0.9990 238.0000 23.8000 0.0000 14.7268 2.0000 
254 255 36 9.8211 6.5725 -11.2599 9.0341 6.0765 -11.6262 0.0487 0.9998 238.0000 23.8000 0.0000 16.6068 2.0000 
255 256 36 9.0341 6.0765 -11.6262 8.5373 5.7533 -11.8737 0.0487 0.6424 238.0000 23.8000 0.0000 18.0000 2.0000 
30 257 37 11.7294 7.7170 -10.8161 12.0540 7.9389 -9.8968 0.0522 0.9999 238.0000 23.8000 0.0000 13.3145 2.0000 
257 258 37 12.0540 7.9389 -9.8968 12.3708 8.1619 -8.9749 0.0522 0.9999 238.0000 23.8000 0.0000 14.8743 2.0000 
258 259 37 12.3708 8.1619 -8.9749 12.6911 8.3640 -8.0511 0.0522 0.9985 238.0000 23.8000 0.0000 16.6322 2.0000 
259 260 37 12.6911 8.3640 -8.0511 12.9106 8.5086 -7.4077 0.0522 0.6950 238.0000 23.8000 0.0000 18.0000 2.0000 
31 261 38 12.0980 7.8802 -11.2468 11.5341 8.6972 -11.1383 0.0492 0.9987 238.0000 23.8000 0.0000 13.5578 2.0000 
261 262 38 11.5341 8.6972 -11.1383 10.9189 9.4817 -11.0628 0.0492 0.9997 238.0000 23.8000 0.0000 15.1352 2.0000 
262 263 38 10.9189 9.4817 -11.0628 10.3345 10.2846 -10.9553 0.0492 0.9989 238.0000 23.8000 0.0000 16.9264 2.0000 
263 264 38 10.3345 10.2846 -10.9553 10.0209 10.7166 -10.8963 0.0492 0.5371 238.0000 23.8000 0.0000 18.0000 2.0000 
32 265 39 12.3985 8.0145 -11.6061 13.2069 7.8826 -11.0337 0.0597 0.9993 238.0000 23.8000 0.0000 13.7488 2.0000 
265 266 39 13.2069 7.8826 -11.0337 14.0126 7.7299 -10.4617 0.0597 0.9998 238.0000 23.8000 0.0000 15.2966 2.0000 
266 267 39 14.0126 7.7299 -10.4617 14.8293 7.5780 -9.9050 0.0597 1.0000 238.0000 23.8000 0.0000 17.0415 2.0000 
267 268 39 14.8293 7.5780 -9.9050 15.2522 7.5145 -9.6387 0.0597 0.5038 238.0000 23.8000 0.0000 18.0000 2.0000 
33 269 40 12.7105 8.1677 -11.9848 12.1936 8.9679 -12.2891 0.0429 1.0000 238.0000 23.8000 0.0000 13.9692 2.0000 
269 270 40 12.1936 8.9679 -12.2891 11.7265 9.7759 -12.6427 0.0429 0.9981 238.0000 23.8000 0.0000 15.5548 2.0000 
270 271 40 11.7265 9.7759 -12.6427 11.2672 10.6064 -12.9556 0.0429 0.9993 238.0000 23.8000 0.0000 17.3674 2.0000 
271 272 40 11.2672 10.6064 -12.9556 11.1182 10.8699 -13.0486 0.0429 0.3167 238.0000 23.8000 0.0000 18.0000 2.0000 
34 273 41 13.0264 8.3276 -12.3247 12.2861 8.7859 -12.8163 0.0570 0.9999 238.0000 23.8000 0.0000 14.1606 2.0000 
273 274 41 12.2861 8.7859 -12.8163 11.5516 9.2651 -13.2948 0.0570 0.9991 238.0000 23.8000 0.0000 15.7062 2.0000 
274 275 41 11.5516 9.2651 -13.2948 10.8487 9.7650 -13.8006 0.0570 0.9999 238.0000 23.8000 0.0000 17.4347 2.0000 
275 276 41 10.8487 9.7650 -13.8006 10.6334 9.9154 -13.9504 0.0570 0.3024 238.0000 23.8000 0.0000 18.0000 2.0000 
35 277 42 13.4156 8.5033 -12.7504 13.5770 7.5506 -13.0055 0.0542 0.9993 238.0000 23.8000 0.0000 14.4108 2.0000 
277 278 42 13.5770 7.5506 -13.0055 13.7349 6.6010 -13.2747 0.0542 0.9996 238.0000 23.8000 0.0000 15.9670 2.0000 
278 279 42 13.7349 6.6010 -13.2747 13.8899 5.6466 -13.5290 0.0542 0.9998 238.0000 23.8000 0.0000 17.7171 2.0000 
279 280 42 13.8899 5.6466 -13.5290 13.9133 5.5032 -13.5673 0.0542 0.1503 238.0000 23.8000 0.0000 18.0000 2.0000 
36 281 43 13.7688 8.6630 -13.1359 14.4141 8.0143 -12.7330 0.0474 0.9998 238.0000 23.8000 0.0000 14.6485 2.0000 
281 282 43 14.4141 8.0143 -12.7330 15.0862 7.3878 -12.3389 0.0474 0.9998 238.0000 23.8000 0.0000 16.2487 2.0000 
282 283 43 15.0862 7.3878 -12.3389 15.6933 6.7572 -11.9619 0.0474 0.9531 238.0000 23.8000 0.0000 18.0000 2.0000 
37 284 44 14.3830 8.8983 -13.8252 13.5435 9.4508 -13.9355 0.0533 1.0110 238.0000 23.8000 0.0000 14.8288 2.0000 
284 285 44 13.5435 9.4508 -13.9355 12.9624 10.0989 -14.4249 0.0533 0.9987 238.0000 23.8000 0.0000 16.3656 2.0000 
285 286 44 12.9624 10.0989 -14.4249 12.4421 10.7518 -14.8941 0.0533 0.9577 238.0000 23.8000 0.0000 18.0000 2.0000 
37 287 45 14.3830 8.8983 -13.8252 14.9981 9.5060 -13.3228 0.0497 1.0000 238.0000 23.8000 0.0000 15.0371 2.0000 
287 288 45 14.9981 9.5060 -13.3228 15.5406 10.1563 -12.8027 0.0497 0.9939 238.0000 23.8000 0.0000 16.5995 2.0000 
288 289 45 15.5406 10.1563 -12.8027 15.9840 10.6794 -12.3817 0.0497 0.8047 238.0000 23.8000 0.0000 18.0000 2.0000 
38 290 46 14.6117 8.9954 -14.1559 13.7201 9.2573 -14.5245 0.0521 0.9997 238.0000 23.8000 0.0000 15.2266 2.0000 
290 291 46 13.7201 9.2573 -14.5245 12.8487 9.5870 -14.8869 0.0521 0.9998 238.0000 23.8000 0.0000 16.8561 2.0000 
291 292 46 12.8487 9.5870 -14.8869 12.3092 9.7630 -15.1345 0.0521 0.6191 238.0000 23.8000 0.0000 18.0000 2.0000 
39 293 47 14.9080 9.1181 -14.5580 14.7022 8.3183 -15.1214 0.0514 0.9997 238.0000 23.8000 0.0000 15.4244 2.0000 
293 294 47 14.7022 8.3183 -15.1214 14.4921 7.5295 -15.6987 0.0514 0.9999 238.0000 23.8000 0.0000 16.9882 2.0000 
294 295 47 14.4921 7.5295 -15.6987 14.3767 7.0385 -16.0021 0.0514 0.5885 238.0000 23.8000 0.0000 18.0000 2.0000 
40 296 48 15.1494 9.2080 -14.8984 15.5141 10.0708 -14.5485 0.0514 0.9999 238.0000 23.8000 0.0000 15.6057 2.0000 
296 297 48 15.5141 10.0708 -14.5485 15.8000 10.9582 -14.1877 0.0514 0.9997 238.0000 23.8000 0.0000 17.1792 2.0000 
297 298 48 15.8000 10.9582 -14.1877 15.9184 11.3874 -14.0154 0.0514 0.4774 238.0000 23.8000 0.0000 18.0000 2.0000 
41 299 49 15.3989 9.3555 -15.3502 16.1540 8.7035 -15.2900 0.0434 0.9995 238.0000 23.8000 0.0000 15.8406 2.0000 
299 300 49 16.1540 8.7035 -15.2900 16.9078 8.0491 -15.2392 0.0434 0.9995 238.0000 23.8000 0.0000 17.4430 2.0000 
300 301 49 16.9078 8.0491 -15.2392 17.1609 7.8576 -15.2318 0.0434 0.3175 238.0000 23.8000 0.0000 18.0000 2.0000 
42 302 56 15.6072 9.4973 -15.7509 15.0479 9.4968 -16.5798 0.0436 0.9999 238.0000 23.8000 0.0000 16.0355 2.0000 
302 303 56 15.0479 9.4968 -16.5798 14.5091 9.4591 -17.4205 0.0436 0.9992 238.0000 23.8000 0.0000 17.6139 2.0000 
303 304 56 14.5091 9.4591 -17.4205 14.3861 9.4516 -17.6107 0.0436 0.2266 238.0000 23.8000 0.0000 18.0000 2.0000 
43 305 57 15.8424 9.6047 -16.2152 15.0460 9.5570 -16.8179 0.0543 0.9999 238.0000 23.8000 0.0000 16.2628 2.0000 
305 306 57 15.0460 9.5570 -16.8179 14.2488 9.4652 -17.4106 0.0543 0.9977 238.0000 23.8000 0.0000 17.8482 2.0000 
306 307 57 14.2488 9.4652 -17.4106 14.1783 9.4553 -17.4647 0.0543 0.0893 238.0000 23.8000 0.0000 18.0000 2.0000 
44 308 58 16.0784 9.7114 -16.6810 16.5182 8.8360 -16.8816 0.0493 1.0000 238.0000 23.8000 0.0000 16.4942 2.0000 
308 309 58 16.5182 8.8360 -16.8816 16.9424 8.0142 -17.0671 0.0493 0.9433 238.0000 23.8000 0.0000 18.0000 2.0000 
45 310 59 16.2110 9.8185 -17.0152 15.5568 10.5641 -17.1388 0.0592 0.9996 238.0000 23.8000 0.0000 16.6664 2.0000 
310 311 59 15.5568 10.5641 -17.1388 15.1139 11.2387 -17.2789 0.0592 0.8190 238.0000 23.8000 0.0000 18.0000 2.0000 
46 312 60 16.3101 10.0101 -17.5057 17.2610 9.7098 -17.5558 0.0466 0.9984 238.0000 23.8000 0.0000 16.8601 2.0000 
312 313 60 17.2610 9.7098 -17.5558 17.9958 9.5142 -17.6015 0.0466 0.7617 238.0000 23.8000 0.0000 18.0000 2.0000 
47 314 67 16.3939 10.1753 -17.9303 15.4391 10.4715 -17.9301 0.0466 0.9997 238.0000 23.8000 0.0000 17.0856 2.0000 
314 315 67 15.4391 10.4715 -17.9301 14.8774 10.6410 -17.9276 0.0466 0.5866 238.0000 23.8000 0.0000 18.0000 2.0000 
48 316 68 16.5079 10.3242 -18.4969 16.7743 11.2362 -18.1862 0.0508 0.9997 238.0000 23.8000 0.0000 17.3317 2.0000 
316 317 68 16.7743 11.2362 -18.1862 16.8652 11.6614 -18.1078 0.0508 0.4418 238.0000 23.8000 0.0000 18.0000 2.0000 
49 318 69 16.5698 10.4417 -18.9387 16.1032 11.1750 -18.4482 0.0496 0.9980 238.0000 23.8000 0.0000 17.5299 2.0000 
318 319 69 16.1032 11.1750 -18.4482 15.9565 11.4058 -18.2936 0.0496 0.3142 238.0000 23.8000 0.0000 18.0000 2.0000 
50 320 70 16.6387 10.5785 -19.4734 16.0667 9.8292 -19.8068 0.0507 0.9998 238.0000 23.8000 0.0000 17.7694 2.0000 
320 321 70 16.0667 9.8292 -19.8068 15.9781 9.7121 -19.8599 0.0507 0.1562 238.0000 23.8000 0.0000 18.0000 2.0000 
51 322 71 16.6625 10.7392 -20.0458 16.3850 11.6415 -19.8026 0.0481 0.9748 238.0000 23.8000 0.0000 18.0000 2.0000 
52 323 79 16.6924 10.8543 -20.6042 17.4654 11.0709 -20.5759 0.0530 0.8033 238.0000 23.8000 0.0000 18.0000 2.0000 
53 324 80 16.6688 10.9713 -21.0502 16.0577 10.7753 -21.1925 0.0523 0.6573 238.0000 23.8000 0.0000 18.0000 2.0000 
54 325 81 16.6705 11.0711 -21.5225 17.1654 10.9500 -21.5519 0.0458 0.5103 238.0000 23.8000 0.0000 18.0000 2.0000 
55 326 82 16.6702 11.1983 -22.1044 16.6715 10.8871 -22.1797 0.0502 0.3201 238.0000 23.8000 0.0000 18.0000 2.0000 
56 327 83 16.6638 11.3082 -22.5613 16.4988 11.2900 -22.5520 0.0527 0.1663 238.0000 23.8000 0.0000 18.0000 2.0000 
57 328 90 16.6500 11.4035 -23.0184 16.6604 11.4052 -23.0199 0.0480 0.0106 238.0000 23.8000 0.0000 18.0000 2.0000 
329 330 1 0.0000 0.0000 -3.1000 0.4576 0.3001 -3.0957 0.1330 0.5473 0.0000 0.0000 205.0000 0.1685 4.0000 
330 331 1 0.4576 0.3001 -3.0957 0.8341 0.5559 -3.0891 0.1330 0.4552 0.0000 0.0000 205.0000 0.3091 4.0000 
331 332 1 0.8341 0.5559 -3.0891 1.2384 0.8345 -3.0810 0.1330 0.4911 0.0000 0.0000 205.0000 0.4611 4.0000 
332 333 1 1.2384 0.8345 -3.0810 1.7006 1.1933 -3.0843 0.1330 0.5852 0.0000 0.0000 205.0000 0.6428 4.0000 
333 334 1 1.7006 1.1933 -3.0843 2.0787 1.4899 -3.0832 0.1330 0.4805 0.0000 0.0000 205.0000 0.7924 4.0000 
334 335 1 2.0787 1.4899 -3.0832 2.4613 1.7579 -3.1206 0.1330 0.4686 0.0000 0.0000 205.0000 0.9387 4.0000 
335 336 1 2.4613 1.7579 -3.1206 2.9274 2.1152 -3.1847 0.1330 0.5909 0.0000 0.0000 205.0000 1.2524 4.0000 
336 337 1 2.9274 2.1152 -3.1847 3.3245 2.3914 -3.2560 0.1330 0.4889 0.0000 0.0000 205.0000 1.2775 4.0000 
337 338 1 3.3245 2.3914 -3.2560 3.7190 2.6742 -3.3171 0.1330 0.4892 0.0000 0.0000 205.0000 1.4316 4.0000 
338 339 1 3.7190 2.6742 -3.3171 4.0819 2.9317 -3.3829 0.1330 0.4498 0.0000 0.0000 205.0000 1.5736 4.0000 
339 340 1 4.0819 2.9317 -3.3829 4.4622 3.2121 -3.4765 0.1330 0.4817 0.0000 0.0000 205.0000 1.7262 4.0000 
340 341 1 4.4622 3.2121 -3.4765 4.8507 3.5130 -3.5695 0.1330 0.5001 0.0000 0.0000 205.0000 1.8850 4.0000 
341 342 1 4.8507 3.5130 -3.5695 5.5646 4.0780 -3.7435 0.1330 0.9269 0.0000 0.0000 205.0000 2.2040 4.0000 
342 343 1 5.5646 4.0780 -3.7435 5.9254 4.3617 -3.8206 0.1330 0.4654 0.0000 0.0000 205.0000 2.3296 4.0000 
343 344 1 5.9254 4.3617 -3.8206 6.3093 4.6651 -3.9195 0.1330 0.4992 0.0000 0.0000 205.0000 2.4898 4.0000 
344 345 1 6.3093 4.6651 -3.9195 6.6501 4.9155 -4.0162 0.1330 0.4338 0.0000 0.0000 205.0000 2.6294 4.0000 
345 346 1 6.6501 4.9155 -4.0162 7.0147 5.1613 -4.1589 0.1330 0.4623 0.0000 0.0000 205.0000 2.7786 4.0000 
346 347 1 7.0147 5.1613 -4.1589 7.4509 5.4552 -4.3298 0.1330 0.5531 0.0000 0.0000 205.0000 2.9576 4.0000 
347 348 1 7.4509 5.4552 -4.3298 7.8447 5.7223 -4.4933 0.1330 0.5031 0.0000 0.0000 205.0000 3.2827 4.0000 
348 349 1 7.8447 5.7223 -4.4933 8.2831 6.0059 -4.6753 0.1330 0.5530 0.0000 0.0000 205.0000 3.3010 4.0000 
349 350 1 8.2831 6.0059 -4.6753 8.7254 6.3269 -4.8351 0.1330 0.5694 0.0000 0.0000 205.0000 3.4870 4.0000 
350 351 1 8.7254 6.3269 -4.8351 9.0893 6.5845 -4.9674 0.1330 0.4651 0.0000 0.0000 205.0000 3.6393 4.0000 
351 352 1 9.0893 6.5845 -4.9674 9.4595 6.8179 -5.0984 0.1330 0.4568 0.0000 0.0000 205.0000 3.7894 4.0000 
352 353 1 9.4595 6.8179 -5.0984 9.8981 7.0968 -5.2616 0.1330 0.5448 0.0000 0.0000 205.0000 3.9689 4.0000 
353 354 1 9.8981 7.0968 -5.2616 10.3184 7.3690 -5.4237 0.1330 0.5264 0.0000 0.0000 205.0000 4.3000 4.0000 
354 355 1 10.3184 7.3690 -5.4237 10.7204 7.6462 -5.5639 0.1330 0.5080 0.0000 0.0000 205.0000 4.3114 4.0000 
355 356 1 10.7204 7.6462 -5.5639 11.1636 7.9032 -5.7062 0.1330 0.5317 0.0000 0.0000 205.0000 4.4882 4.0000 
356 357 1 11.1636 7.9032 -5.7062 11.5606 8.1484 -5.8300 0.1330 0.4827 0.0000 0.0000 205.0000 4.6493 4.0000 
357 358 1 11.5606 8.1484 -5.8300 11.9092 8.3542 -5.9457 0.1330 0.4211 0.0000 0.0000 205.0000 4.7901 4.0000 
358 359 1 11.9092 8.3542 -5.9457 12.3383 8.6032 -6.0926 0.1330 0.5174 0.0000 0.0000 205.0000 4.9637 4.0000 
359 360 1 12.3383 8.6032 -6.0926 13.1190 9.1484 -6.3917 0.1330 0.9981 0.0000 0.0000 205.0000 5.3010 4.0000 
360 361 1 13.1190 9.1484 -6.3917 13.1690 9.1861 -6.4126 0.1330 0.0661 0.0000 0.0000 205.0000 5.3234 4.0000 
361 362 1 13.1690 9.1861 -6.4126 13.4673 9.4123 -6.5311 0.1330 0.3926 0.0000 0.0000 205.0000 5.4563 4.0000 
362 363 1 13.4673 9.4123 -6.5311 13.7551 9.6187 -6.6464 0.1330 0.3725 0.0000 0.0000 205.0000 5.5827 4.0000 
363 364 1 13.7551 9.6187 -6.6464 14.1625 9.9075 -6.7777 0.1330 0.5164 0.0000 0.0000 205.0000 5.7584 4.0000 
364 365 1 14.1625 9.9075 -6.7777 14.5361 10.1958 -6.9678 0.1330 0.5087 0.0000 0.0000 205.0000 5.9320 4.0000 
365 366 1 14.5361 10.1958 -6.9678 15.2818 10.7416 -7.3415 0.1330 0.9967 0.0000 0.0000 205.0000 6.2749 4.0000 
366 367 1 15.2818 10.7416 -7.3415 15.3401 10.7819 -7.3684 0.1330 0.0759 0.0000 0.0000 205.0000 6.3011 4.0000 
367 368 1 15.3401 10.7819 -7.3684 15.7445 11.0134 -7.4896 0.1330 0.4814 0.0000 0.0000 205.0000 6.4670 4.0000 
368 369 1 15.7445 11.0134 -7.4896 16.1824 11.2329 -7.6242 0.1330 0.5081 0.0000 0.0000 205.0000 6.6426 4.0000 
369 370 1 16.1824 11.2329 -7.6242 16.5952 11.4138 -7.7921 0.1330 0.4809 0.0000 0.0000 205.0000 6.8093 4.0000 
370 371 1 16.5952 11.4138 -7.7921 16.9524 11.6296 -7.9723 0.1330 0.4546 0.0000 0.0000 205.0000 6.9674 4.0000 
371 372 1 16.9524 11.6296 -7.9723 17.6777 12.1651 -8.4049 0.1330 1.0000 0.0000 0.0000 205.0000 7.3171 4.0000 
372 373 1 17.6777 12.1651 -8.4049 17.9930 12.3894 -8.6022 0.1330 0.4344 0.0000 0.0000 205.0000 7.4695 4.0000 
373 374 1 17.9930 12.3894 -8.6022 18.3201 12.6265 -8.8253 0.1330 0.4615 0.0000 0.0000 205.0000 7.6319 4.0000 
374 375 1 18.3201 12.6265 -8.8253 18.7030 12.9331 -9.0909 0.1330 0.5578 0.0000 0.0000 205.0000 7.8288 4.0000 
375 376 1 18.7030 12.9331 -9.0909 19.4452 13.3434 -9.6136 0.1330 0.9963 0.0000 0.0000 205.0000 8.1835 4.0000 
376 377 1 19.4452 13.3434 -9.6136 19.5488 13.4007 -9.6866 0.1330 0.1391 0.0000 0.0000 205.0000 8.2330 4.0000 
377 378 1 19.5488 13.4007 -9.6866 19.8784 13.5977 -9.9420 0.1330 0.4611 0.0000 0.0000 205.0000 8.3975 4.0000 
378 379 1 19.8784 13.5977 -9.9420 20.2396 13.8399 -10.2621 0.1330 0.5400 0.0000 0.0000 205.0000 8.5907 4.0000 
379 380 1 20.2396 13.8399 -10.2621 20.6437 14.0543 -10.5750 0.1330 0.5543 0.0000 0.0000 205.0000 8.7898 4.0000 
380 381 1 20.6437 14.0543 -10.5750 20.9918 14.2398 -10.8524 0.1330 0.4822 0.0000 0.0000 205.0000 8.9635 4.0000 
381 382 1 20.9918 14.2398 -10.8524 21.7360 14.5827 -11.4255 0.1330 0.9999 0.0000 0.0000 205.0000 9.3259 4.0000 
382 383 1 21.7360 14.5827 -11.4255 22.0351 14.7406 -11.6796 0.1330 0.4230 0.0000 0.0000 205.0000 9.4797 4.0000 
383 384 1 22.0351 14.7406 -11.6796 22.3495 14.9148 -11.9004 0.1330 0.4219 0.0000 0.0000 205.0000 9.6336 4.0000 
384 385 1 22.3495 14.9148 -11.9004 22.7072 15.1249 -12.1488 0.1330 0.4836 0.0000 0.0000 205.0000 9.8105 4.0000 
385 386 1 22.7072 15.1249 -12.1488 23.0613 15.3269 -12.3727 0.1330 0.4651 0.0000 0.0000 205.0000 9.9811 4.0000 
386 387 1 23.0613 15.3269 -12.3727 23.8025 15.8013 -12.8464 0.1330 0.9994 0.0000 0.0000 205.0000 10.3498 4.0000 
387 388 1 23.8025 15.8013 -12.8464 23.8227 15.8142 -12.8593 0.1330 0.0272 0.0000 0.0000 205.0000 10.3599 4.0000 
388 389 1 23.8227 15.8142 -12.8593 24.1963 15.9786 -13.0399 0.1330 0.4463 0.0000 0.0000 205.0000 10.5253 4.0000 
389 390 1 24.1963 15.9786 -13.0399 24.6277 16.1493 -13.2496 0.1330 0.5092 0.0000 0.0000 205.0000 10.7145 4.0000 
390 391 1 24.6277 16.1493 -13.2496 25.0950 16.3689 -13.4755 0.1330 0.5635 0.0000 0.0000 205.0000 10.9248 4.0000 
391 392 1 25.0950 16.3689 -13.4755 25.2610 16.4532 -13.5519 0.1330 0.2012 0.0000 0.0000 205.0000 11.0000 4.0000 
330 393 50 0.4576 0.3001 -3.0957 0.1696 1.1258 -3.5747 0.0465 0.9972 238.0000 23.8000 0.0000 7.7477 2.0000 
393 394 50 0.1696 1.1258 -3.5747 -0.0832 1.9629 -4.0596 0.0465 0.9998 238.0000 23.8000 0.0000 9.3929 2.0000 
394 395 50 -0.0832 1.9629 -4.0596 -0.2772 2.6880 -4.4300 0.0465 0.8370 238.0000 23.8000 0.0000 11.0000 2.0000 
331 396 51 0.8341 0.5559 -3.0891 1.1089 0.5841 -4.0470 0.0528 0.9970 238.0000 23.8000 0.0000 7.8884 2.0000 
396 397 51 1.1089 0.5841 -4.0470 1.4021 0.5421 -5.0012 0.0528 0.9990 238.0000 23.8000 0.0000 9.4716 2.0000 
397 398 51 1.4021 0.5421 -5.0012 1.6511 0.5069 -5.8178 0.0528 0.8544 238.0000 23.8000 0.0000 11.0000 2.0000 
332 399 52 1.2384 0.8345 -3.0810 1.2541 0.9268 -4.0765 0.0492 1.0000 238.0000 23.8000 0.0000 8.0572 2.0000 
399 400 52 1.2541 0.9268 -4.0765 1.3572 1.0329 -5.0628 0.0492 0.9973 238.0000 23.8000 0.0000 9.6345 2.0000 
400 401 52 1.3572 1.0329 -5.0628 1.4408 1.0874 -5.8286 0.0492 0.7723 238.0000 23.8000 0.0000 11.0000 2.0000 
333 402 53 1.7006 1.1933 -3.0843 1.3383 2.0746 -3.3861 0.0494 0.9995 238.0000 23.8000 0.0000 8.2631 2.0000 
402 403 53 1.3383 2.0746 -3.3861 0.9849 2.9635 -3.6775 0.0494 0.9999 238.0000 23.8000 0.0000 9.8525 2.0000 
403 404 53 0.9849 2.9635 -3.6775 0.7618 3.5249 -3.9082 0.0494 0.6467 238.0000 23.8000 0.0000 11.0000 2.0000 
334 405 54 2.0787 1.4899 -3.0832 1.7001 2.1315 -2.4174 0.0485 0.9991 238.0000 23.8000 0.0000 8.4217 2.0000 
405 406 54 1.7001 2.1315 -2.4174 1.3166 2.7790 -1.7592 0.0485 0.9998 238.0000 23.8000 0.0000 9.9804 2.0000 
406 407 54 1.3166 2.7790 -1.7592 1.1209 3.1672 -1.3514 0.0485 0.5961 238.0000 23.8000 0.0000 11.0000 2.0000 
335 408 55 2.4613 1.7579 -3.1206 2.4764 1.5744 -4.1024 0.0429 0.9989 238.0000 23.8000 0.0000 8.5996 2.0000 
408 409 55 2.4764 1.5744 -4.1024 2.4995 1.3890 -5.0844 0.0429 0.9997 238.0000 23.8000 0.0000 10.2119 2.0000 
409 410 55 2.4995 1.3890 -5.0844 2.4980 1.3049 -5.5171 0.0429 0.4408 238.0000 23.8000 0.0000 11.0000 2.0000 
336 411 61 2.9274 2.1152 -3.1847 3.6059 1.5441 -2.7227 0.0541 0.9999 238.0000 23.8000 0.0000 8.7888 2.0000 
411 412 61 3.6059 1.5441 -2.7227 4.2915 0.9893 -2.2516 0.0541 0.9999 238.0000 23.8000 0.0000 10.3350 2.0000 
412 413 61 4.2915 0.9893 -2.2516 4.5666 0.7686 -2.0656 0.0541 0.3987 238.0000 23.8000 0.0000 11.0000 2.0000 
337 414 62 3.3245 2.3914 -3.2560 2.8295 3.0911 -2.7420 0.0503 0.9994 238.0000 23.8000 0.0000 8.9707 2.0000 
414 415 62 2.8295 3.0911 -2.7420 2.3027 3.7964 -2.2697 0.0503 0.9991 238.0000 23.8000 0.0000 10.5533 2.0000 
415 416 62 2.3027 3.7964 -2.2697 2.1650 3.9798 -2.1458 0.0503 0.2606 238.0000 23.8000 0.0000 11.0000 2.0000 
338 417 63 3.7190 2.6742 -3.3171 4.0670 1.8164 -3.6943 0.0460 0.9996 238.0000 23.8000 0.0000 9.1400 2.0000 
417 418 63 4.0670 1.8164 -3.6943 4.4517 0.9622 -4.0364 0.0460 0.9973 238.0000 23.8000 0.0000 10.7106 2.0000 
418 419 63 4.4517 0.9622 -4.0364 4.5089 0.8103 -4.0924 0.0460 0.1717 238.0000 23.8000 0.0000 11.0000 2.0000 
339 420 64 4.0819 2.9317 -3.3829 4.3354 2.0966 -3.8712 0.0482 1.0000 238.0000 23.8000 0.0000 9.3032 2.0000 
420 421 64 4.3354 2.0966 -3.8712 4.5125 1.2489 -4.3677 0.0482 0.9983 238.0000 23.8000 0.0000 10.8899 2.0000 
421 422 64 4.5125 1.2489 -4.3677 4.5207 1.1933 -4.4002 0.0482 0.0649 238.0000 23.8000 0.0000 11.0000 2.0000 
340 423 65 4.4622 3.2121 -3.4765 4.6610 2.6411 -4.2729 0.0452 0.9999 238.0000 23.8000 0.0000 9.4713 2.0000 
423 424 65 4.6610 2.6411 -4.2729 4.8739 2.0764 -5.0332 0.0452 0.9707 238.0000 23.8000 0.0000 11.0000 2.0000 
341 425 66 4.8507 3.5130 -3.5695 5.4814 2.8916 -3.1082 0.0458 0.9984 238.0000 23.8000 0.0000 9.6501 2.0000 
425 426 66 5.4814 2.8916 -3.1082 5.9853 2.3608 -2.6536 0.0458 0.8615 238.0000 23.8000 0.0000 11.0000 2.0000 
342 427 72 5.5646 4.0780 -3.7435 5.3353 4.1865 -2.7471 0.0400 1.0282 238.0000 23.8000 0.0000 9.8192 2.0000 
427 428 72 5.3353 4.1865 -2.7471 5.4034 4.5321 -2.0876 0.0400 0.7477 238.0000 23.8000 0.0000 11.0000 2.0000 
342 429 73 5.5646 4.0780 -3.7435 6.2327 3.6502 -3.1353 0.0523 0.9996 238.0000 23.8000 0.0000 9.9722 2.0000 
429 430 73 6.2327 3.6502 -3.1353 6.6951 3.3627 -2.7342 0.0523 0.6763 238.0000 23.8000 0.0000 11.0000 2.0000 
343 431 74 5.9254 4.3617 -3.8206 6.3616 4.1608 -2.9437 0.0367 0.9999 238.0000 23.8000 0.0000 10.1547 2.0000 
431 432 74 6.3616 4.1608 -2.9437 6.5882 4.0156 -2.4703 0.0367 0.5445 238.0000 23.8000 0.0000 11.0000 2.0000 
344 433 75 6.3093 4.6651 -3.9195 6.1829 5.2886 -3.1490 0.0475 0.9992 238.0000 23.8000 0.0000 10.3186 2.0000 
433 434 75 6.1829 5.2886 -3.1490 6.1277 5.5737 -2.8000 0.0475 0.4540 238.0000 23.8000 0.0000 11.0000 2.0000 
345 435 76 6.6501 4.9155 -4.0162 7.1662 4.2798 -3.4469 0.0447 0.9973 238.0000 23.8000 0.0000 10.4788 2.0000 
435 436 76 7.1662 4.2798 -3.4469 7.3459 4.0588 -3.2486 0.0447 0.3470 238.0000 23.8000 0.0000 11.0000 2.0000 
346 437 77 7.0147 5.1613 -4.1589 7.0947 4.7549 -5.0676 0.0564 0.9986 238.0000 23.8000 0.0000 10.6551 2.0000 
437 438 77 7.0947 4.7549 -5.0676 7.1155 4.6733 -5.2792 0.0564 0.2278 238.0000 23.8000 0.0000 11.0000 2.0000 
347 439 78 7.4509 5.4552 -4.3298 7.3986 6.4026 -4.0144 0.0496 0.9999 238.0000 23.8000 0.0000 10.8459 2.0000 
439 440 78 7.3986 6.4026 -4.0144 7.3922 6.5012 -3.9817 0.0496 0.1041 238.0000 23.8000 0.0000 11.0000 2.0000 
348 441 84 7.8447 5.7223 -4.4933 7.9751 5.2932 -5.3470 0.0563 0.9643 238.0000 23.8000 0.0000 11.0000 2.0000 
349 442 85 8.2831 6.0059 -4.6753 7.7415 6.6342 -4.7517 0.0484 0.8330 238.0000 23.8000 0.0000 11.0000 2.0000 
350 443 86 8.7254 6.3269 -4.8351 8.7575 6.3006 -5.5279 0.0446 0.6940 238.0000 23.8000 0.0000 11.0000 2.0000 
351 444 87 9.0893 6.5845 -4.9674 9.0467 6.9528 -4.5347 0.0500 0.5698 238.0000 23.8000 0.0000 11.0000 2.0000 
352 445 88 9.4595 6.8179 -5.0984 9.2680 7.2245 -5.1645 0.0551 0.4543 238.0000 23.8000 0.0000 11.0000 2.0000 
353 446 89 9.8981 7.0968 -5.2616 10.0553 6.9033 -5.0828 0.0505 0.3068 238.0000 23.8000 0.0000 11.0000 2.0000 
354 447 95 10.3184 7.3690 -5.4237 10.2222 7.5004 -5.4488 0.0489 0.1648 238.0000 23.8000 0.0000 11.0000 2.0000 
355 448 96 10.7204 7.6462 -5.5639 10.7364 7.6306 -5.5557 0.0504 0.0238 238.0000 23.8000 0.0000 11.0000 2.0000 
449 450 2 0.0000 0.0000 -3.1000 0.3340 0.4181 -3.2542 0.1395 0.5569 0.0000 0.0000 205.0000 0.1699 4.0000 
450 451 2 0.3340 0.4181 -3.2542 0.6627 0.7818 -3.4213 0.1395 0.5179 0.0000 0.0000 205.0000 0.3284 4.0000 
451 452 2 0.6627 0.7818 -3.4213 0.9597 1.1063 -3.5920 0.1395 0.4718 0.0000 0.0000 205.0000 0.4731 4.0000 
452 453 2 0.9597 1.1063 -3.5920 1.2547 1.4373 -3.7724 0.1395 0.4787 0.0000 0.0000 205.0000 0.6204 4.0000 
453 454 2 1.2547 1.4373 -3.7724 1.5590 1.7734 -3.9578 0.1395 0.4899 0.0000 0.0000 205.0000 0.7716 4.0000 
454 455 2 1.5590 1.7734 -3.9578 1.9105 2.1555 -4.1996 0.1395 0.5727 0.0000 0.0000 205.0000 0.9488 4.0000 
455 456 2 1.9105 2.1555 -4.1996 2.4847 2.8364 -4.6525 0.1395 0.9992 0.0000 0.0000 205.0000 1.2598 4.0000 
456 457 2 2.4847 2.8364 -4.6525 2.5696 2.9312 -4.7083 0.1395 0.1390 0.0000 0.0000 205.0000 1.3031 4.0000 
457 458 2 2.5696 2.9312 -4.7083 2.8787 3.2458 -4.8852 0.1395 0.4752 0.0000 0.0000 205.0000 1.4516 4.0000 
458 459 2 2.8787 3.2458 -4.8852 3.2604 3.6130 -5.0808 0.1395 0.5646 0.0000 0.0000 205.0000 1.6286 4.0000 
459 460 2 3.2604 3.6130 -5.0808 3.6322 3.9697 -5.2910 0.1395 0.5565 0.0000 0.0000 205.0000 1.8036 4.0000 
460 461 2 3.6322 3.9697 -5.2910 3.9006 4.2783 -5.4880 0.1395 0.4539 0.0000 0.0000 205.0000 1.9467 4.0000 
461 462 2 3.9006 4.2783 -5.4880 4.5008 4.9517 -5.9194 0.1395 0.9999 0.0000 0.0000 205.0000 2.2635 4.0000 
462 463 2 4.5008 4.9517 -5.9194 4.7560 5.2222 -6.1088 0.1395 0.4173 0.0000 0.0000 205.0000 2.3963 4.0000 
463 464 2 4.7560 5.2222 -6.1088 5.0693 5.5780 -6.3690 0.1395 0.5408 0.0000 0.0000 205.0000 2.5688 4.0000 
464 465 2 5.0693 5.5780 -6.3690 5.3296 5.8892 -6.5969 0.1395 0.4654 0.0000 0.0000 205.0000 2.7177 4.0000 
465 466 2 5.3296 5.8892 -6.5969 5.6010 6.2593 -6.8832 0.1395 0.5409 0.0000 0.0000 205.0000 2.8913 4.0000 
466 467 2 5.6010 6.2593 -6.8832 6.0845 6.9009 -7.4768 0.1395 0.9989 0.0000 0.0000 205.0000 3.2141 4.0000 
467 468 2 6.0845 6.9009 -7.4768 6.2813 7.1892 -7.7147 0.1395 0.4224 0.0000 0.0000 205.0000 3.3509 4.0000 
468 469 2 6.2813 7.1892 -7.7147 6.4903 7.4948 -7.9576 0.1395 0.4428 0.0000 0.0000 205.0000 3.4946 4.0000 
469 470 2 6.4903 7.4948 -7.9576 6.7257 7.8373 -8.2301 0.1395 0.4970 0.0000 0.0000 205.0000 3.6564 4.0000 
470 471 2 6.7257 7.8373 -8.2301 7.0249 8.2080 -8.5184 0.1395 0.5568 0.0000 0.0000 205.0000 3.8383 4.0000 
471 472 2 7.0249 8.2080 -8.5184 7.2834 8.5360 -8.7813 0.1395 0.4935 0.0000 0.0000 205.0000 4.0000 4.0000 
