node1ID node2ID branchID x1 y1 z1 x2 y2 z2 radius length R G B time type 
0 1 0 0.0000 0.0000 -3.0000 0.3811 0.2659 -3.0827 0.1451 0.4720 0.0000 0.0000 205.0000 0.1563 1.0000 
1 2 0 0.3811 0.2659 -3.0827 0.8233 0.5980 -3.1873 0.1451 0.5628 0.0000 0.0000 205.0000 0.3433 1.0000 
2 3 0 0.8233 0.5980 -3.1873 1.2384 0.8465 -3.3091 0.1451 0.4989 0.0000 0.0000 205.0000 0.5095 1.0000 
3 4 0 1.2384 0.8465 -3.3091 1.6264 1.0889 -3.4287 0.1451 0.4729 0.0000 0.0000 205.0000 0.6674 1.0000 
4 5 0 1.6264 1.0889 -3.4287 1.9974 1.3251 -3.5382 0.1451 0.4532 0.0000 0.0000 205.0000 0.8193 1.0000 
5 6 0 1.9974 1.3251 -3.5382 2.4665 1.6466 -3.6967 0.1451 0.5903 0.0000 0.0000 205.0000 1.1556 1.0000 
6 7 0 2.4665 1.6466 -3.6967 2.8982 1.8806 -3.8706 0.1451 0.5209 0.0000 0.0000 205.0000 1.1932 1.0000 
7 8 0 2.8982 1.8806 -3.8706 3.3066 2.1301 -4.0203 0.1451 0.5014 0.0000 0.0000 205.0000 1.3627 1.0000 
8 9 0 3.3066 2.1301 -4.0203 3.7074 2.3762 -4.1608 0.1451 0.4909 0.0000 0.0000 205.0000 1.5291 1.0000 
9 10 0 3.7074 2.3762 -4.1608 4.1217 2.6480 -4.3446 0.1451 0.5285 0.0000 0.0000 205.0000 1.7088 1.0000 
10 11 0 4.1217 2.6480 -4.3446 4.4895 2.8736 -4.5354 0.1451 0.4718 0.0000 0.0000 205.0000 1.8696 1.0000 
11 12 0 4.4895 2.8736 -4.5354 5.2179 3.3218 -4.9380 0.1451 0.9453 0.0000 0.0000 205.0000 2.2122 1.0000 
12 13 0 5.2179 3.3218 -4.9380 5.6390 3.6485 -5.1960 0.1451 0.5921 0.0000 0.0000 205.0000 2.3971 1.0000 
13 14 0 5.6390 3.6485 -5.1960 6.0441 3.9273 -5.4275 0.1451 0.5435 0.0000 0.0000 205.0000 2.5847 1.0000 
14 15 0 6.0441 3.9273 -5.4275 6.4098 4.1819 -5.6366 0.1451 0.4922 0.0000 0.0000 205.0000 2.7550 1.0000 
15 16 0 6.4098 4.1819 -5.6366 6.6914 4.4363 -5.9061 0.1451 0.4655 0.0000 0.0000 205.0000 2.9166 1.0000 
16 17 0 6.6914 4.4363 -5.9061 7.2718 4.9014 -6.4409 0.1451 0.9161 0.0000 0.0000 205.0000 3.2660 1.0000 
17 18 0 7.2718 4.9014 -6.4409 7.5541 5.1274 -6.7334 0.1451 0.4651 0.0000 0.0000 205.0000 3.3997 1.0000 
18 19 0 7.5541 5.1274 -6.7334 7.9053 5.4048 -7.0750 0.1451 0.5631 0.0000 0.0000 205.0000 3.5974 1.0000 
19 20 0 7.9053 5.4048 -7.0750 8.2570 5.6217 -7.3690 0.1451 0.5071 0.0000 0.0000 205.0000 3.7759 1.0000 
20 21 0 8.2570 5.6217 -7.3690 8.5901 5.8167 -7.6355 0.1451 0.4691 0.0000 0.0000 205.0000 3.9416 1.0000 
21 22 0 8.5901 5.8167 -7.6355 8.9533 6.0378 -7.9388 0.1451 0.5223 0.0000 0.0000 205.0000 4.2966 1.0000 
22 23 0 8.9533 6.0378 -7.9388 9.2379 6.2641 -8.2903 0.1451 0.5056 0.0000 0.0000 205.0000 4.3066 1.0000 
23 24 0 9.2379 6.2641 -8.2903 9.6538 6.5449 -8.6971 0.1451 0.6461 0.0000 0.0000 205.0000 4.5370 1.0000 
24 25 0 9.6538 6.5449 -8.6971 9.9984 6.7757 -9.0347 0.1451 0.5348 0.0000 0.0000 205.0000 4.7283 1.0000 
25 26 0 9.9984 6.7757 -9.0347 10.3558 7.0053 -9.3966 0.1451 0.5580 0.0000 0.0000 205.0000 4.9287 1.0000 
26 27 0 10.3558 7.0053 -9.3966 10.6827 7.2240 -9.7541 0.1451 0.5315 0.0000 0.0000 205.0000 5.2895 1.0000 
27 28 0 10.6827 7.2240 -9.7541 11.0069 7.3908 -10.0779 0.1451 0.4876 0.0000 0.0000 205.0000 5.2964 1.0000 
28 29 0 11.0069 7.3908 -10.0779 11.3551 7.5675 -10.4541 0.1451 0.5422 0.0000 0.0000 205.0000 5.4930 1.0000 
29 30 0 11.3551 7.5675 -10.4541 11.7294 7.7170 -10.8161 0.1451 0.5418 0.0000 0.0000 205.0000 5.6901 1.0000 
30 31 0 11.7294 7.7170 -10.8161 12.0980 7.8802 -11.2468 0.1451 0.5899 0.0000 0.0000 205.0000 5.9054 1.0000 
31 32 0 12.0980 7.8802 -11.2468 12.3985 8.0145 -11.6061 0.1451 0.4873 0.0000 0.0000 205.0000 6.2723 1.0000 
32 33 0 12.3985 8.0145 -11.6061 12.7105 8.1677 -11.9848 0.1451 0.5140 0.0000 0.0000 205.0000 6.2727 1.0000 
33 34 0 12.7105 8.1677 -11.9848 13.0264 8.3276 -12.3247 0.1451 0.4908 0.0000 0.0000 205.0000 6.4536 1.0000 
34 35 0 13.0264 8.3276 -12.3247 13.4156 8.5033 -12.7504 0.1451 0.6030 0.0000 0.0000 205.0000 6.6766 1.0000 
35 36 0 13.4156 8.5033 -12.7504 13.7688 8.6630 -13.1359 0.1451 0.5466 0.0000 0.0000 205.0000 6.8795 1.0000 
36 37 0 13.7688 8.6630 -13.1359 14.3830 8.8983 -13.8252 0.1451 0.9528 0.0000 0.0000 205.0000 7.2532 1.0000 
37 38 0 14.3830 8.8983 -13.8252 14.6117 8.9954 -14.1559 0.1451 0.4136 0.0000 0.0000 205.0000 7.3907 1.0000 
38 39 0 14.6117 8.9954 -14.1559 14.9080 9.1181 -14.5580 0.1451 0.5144 0.0000 0.0000 205.0000 7.5840 1.0000 
39 40 0 14.9080 9.1181 -14.5580 15.1494 9.2080 -14.8984 0.1451 0.4269 0.0000 0.0000 205.0000 7.7448 1.0000 
40 41 0 15.1494 9.2080 -14.8984 15.3989 9.3555 -15.3502 0.1451 0.5367 0.0000 0.0000 205.0000 7.9476 1.0000 
41 42 0 15.3989 9.3555 -15.3502 15.6072 9.4973 -15.7509 0.1451 0.4733 0.0000 0.0000 205.0000 8.3275 1.0000 
42 43 0 15.6072 9.4973 -15.7509 15.8424 9.6047 -16.2152 0.1451 0.5314 0.0000 0.0000 205.0000 8.3293 1.0000 
43 44 0 15.8424 9.6047 -16.2152 16.0784 9.7114 -16.6810 0.1451 0.5330 0.0000 0.0000 205.0000 8.5327 1.0000 
44 45 0 16.0784 9.7114 -16.6810 16.2110 9.8185 -17.0152 0.1451 0.3751 0.0000 0.0000 205.0000 8.6763 1.0000 
45 46 0 16.2110 9.8185 -17.0152 16.3101 10.0101 -17.5057 0.1451 0.5359 0.0000 0.0000 205.0000 8.8821 1.0000 
46 47 0 16.3101 10.0101 -17.5057 16.3939 10.1753 -17.9303 0.1451 0.4632 0.0000 0.0000 205.0000 9.2680 1.0000 
47 48 0 16.3939 10.1753 -17.9303 16.5079 10.3242 -18.4969 0.1451 0.5969 0.0000 0.0000 205.0000 9.2913 1.0000 
48 49 0 16.5079 10.3242 -18.4969 16.5698 10.4417 -18.9387 0.1451 0.4613 0.0000 0.0000 205.0000 9.4702 1.0000 
49 50 0 16.5698 10.4417 -18.9387 16.6387 10.5785 -19.4734 0.1451 0.5562 0.0000 0.0000 205.0000 9.6867 1.0000 
50 51 0 16.6387 10.5785 -19.4734 16.6625 10.7392 -20.0458 0.1451 0.5949 0.0000 0.0000 205.0000 9.9192 1.0000 
51 52 0 16.6625 10.7392 -20.0458 16.6924 10.8543 -20.6042 0.1451 0.5710 0.0000 0.0000 205.0000 10.3121 1.0000 
52 53 0 16.6924 10.8543 -20.6042 16.6688 10.9713 -21.0502 0.1451 0.4617 0.0000 0.0000 205.0000 10.3250 1.0000 
53 54 0 16.6688 10.9713 -21.0502 16.6705 11.0711 -21.5225 0.1451 0.4827 0.0000 0.0000 205.0000 10.5156 1.0000 
54 55 0 16.6705 11.0711 -21.5225 16.6702 11.1983 -22.1044 0.1451 0.5957 0.0000 0.0000 205.0000 10.7516 1.0000 
55 56 0 16.6702 11.1983 -22.1044 16.6638 11.3082 -22.5613 0.1451 0.4700 0.0000 0.0000 205.0000 10.9385 1.0000 
56 57 0 16.6638 11.3082 -22.5613 16.6500 11.4035 -23.0184 0.1451 0.4671 0.0000 0.0000 205.0000 11.3382 1.0000 
57 58 0 16.6500 11.4035 -23.0184 16.6444 11.5182 -23.5437 0.1451 0.5377 0.0000 0.0000 205.0000 11.3402 1.0000 
58 59 0 16.6444 11.5182 -23.5437 16.6839 11.5760 -24.0138 0.1451 0.4752 0.0000 0.0000 205.0000 11.5311 1.0000 
59 60 0 16.6839 11.5760 -24.0138 16.6944 11.6266 -24.5028 0.1451 0.4917 0.0000 0.0000 205.0000 11.7292 1.0000 
60 61 0 16.6944 11.6266 -24.5028 16.7040 11.6706 -24.9656 0.1451 0.4650 0.0000 0.0000 205.0000 11.9173 1.0000 
61 62 0 16.7040 11.6706 -24.9656 16.6988 11.7456 -25.9431 0.1451 0.9804 0.0000 0.0000 205.0000 12.3239 1.0000 
62 63 0 16.6988 11.7456 -25.9431 16.6989 11.7846 -26.4669 0.1451 0.5252 0.0000 0.0000 205.0000 12.5305 1.0000 
63 64 0 16.6989 11.7846 -26.4669 16.6961 11.8246 -26.9689 0.1451 0.5036 0.0000 0.0000 205.0000 12.7369 1.0000 
64 65 0 16.6961 11.8246 -26.9689 16.6902 11.8437 -27.4179 0.1451 0.4495 0.0000 0.0000 205.0000 12.9218 1.0000 
65 66 0 16.6902 11.8437 -27.4179 16.6873 11.8549 -28.4174 0.1451 0.9996 0.0000 0.0000 205.0000 13.3353 1.0000 
66 67 0 16.6873 11.8549 -28.4174 16.6873 11.8549 -28.4230 0.1451 0.0056 0.0000 0.0000 205.0000 13.3376 1.0000 
67 68 0 16.6873 11.8549 -28.4230 16.6897 11.8528 -28.9718 0.1451 0.5488 0.0000 0.0000 205.0000 13.5658 1.0000 
68 69 0 16.6897 11.8528 -28.9718 16.6633 11.8550 -29.4388 0.1451 0.4677 0.0000 0.0000 205.0000 13.7609 1.0000 
69 70 0 16.6633 11.8550 -29.4388 16.6389 11.8708 -29.9576 0.1451 0.5195 0.0000 0.0000 205.0000 13.9784 1.0000 
70 71 0 16.6389 11.8708 -29.9576 16.6613 11.8893 -30.9566 0.1451 0.9995 0.0000 0.0000 205.0000 14.4000 1.0000 
71 72 0 16.6613 11.8893 -30.9566 16.6715 11.8985 -31.3660 0.1451 0.4096 0.0000 0.0000 205.0000 14.5733 1.0000 
72 73 0 16.6715 11.8985 -31.3660 16.6686 11.9080 -31.7676 0.1451 0.4017 0.0000 0.0000 205.0000 14.7437 1.0000 
73 74 0 16.6686 11.9080 -31.7676 16.6580 11.9167 -32.1945 0.1451 0.4272 0.0000 0.0000 205.0000 14.9255 1.0000 
74 75 0 16.6580 11.9167 -32.1945 16.6150 11.9658 -33.1923 0.1451 0.9999 0.0000 0.0000 205.0000 15.3534 1.0000 
75 76 0 16.6150 11.9658 -33.1923 16.6061 11.9723 -33.3622 0.1451 0.1702 0.0000 0.0000 205.0000 15.4265 1.0000 
76 77 0 16.6061 11.9723 -33.3622 16.5675 11.9567 -33.7878 0.1451 0.4277 0.0000 0.0000 205.0000 15.6107 1.0000 
77 78 0 16.5675 11.9567 -33.7878 16.5276 11.9418 -34.2626 0.1451 0.4767 0.0000 0.0000 205.0000 15.8166 1.0000 
78 79 0 16.5276 11.9418 -34.2626 16.4854 11.9159 -35.2581 0.1451 0.9967 0.0000 0.0000 205.0000 16.2512 1.0000 
79 80 0 16.4854 11.9159 -35.2581 16.4836 11.9150 -35.3029 0.1451 0.0449 0.0000 0.0000 205.0000 16.2708 1.0000 
80 81 0 16.4836 11.9150 -35.3029 16.5023 11.9039 -35.7794 0.1451 0.4770 0.0000 0.0000 205.0000 16.4792 1.0000 
81 82 0 16.5023 11.9039 -35.7794 16.5306 11.9152 -36.2349 0.1451 0.4565 0.0000 0.0000 205.0000 16.6793 1.0000 
82 83 0 16.5306 11.9152 -36.2349 16.5634 11.9213 -36.7240 0.1451 0.4903 0.0000 0.0000 205.0000 16.8950 1.0000 
83 84 0 16.5634 11.9213 -36.7240 16.5589 11.8996 -37.7227 0.1451 0.9990 0.0000 0.0000 205.0000 17.3409 1.0000 
84 85 0 16.5589 11.8996 -37.7227 16.5589 11.9088 -38.1309 0.1451 0.4083 0.0000 0.0000 205.0000 17.5225 1.0000 
85 86 0 16.5589 11.9088 -38.1309 16.5097 11.9023 -38.6397 0.1451 0.5112 0.0000 0.0000 205.0000 17.7507 1.0000 
86 87 0 16.5097 11.9023 -38.6397 16.4499 11.9337 -39.1393 0.1451 0.5041 0.0000 0.0000 205.0000 17.9766 1.0000 
87 88 0 16.4499 11.9337 -39.1393 16.3288 11.9805 -40.1307 0.1451 0.9999 0.0000 0.0000 205.0000 18.4276 1.0000 
88 89 0 16.3288 11.9805 -40.1307 16.2774 12.0139 -40.5611 0.1451 0.4346 0.0000 0.0000 205.0000 18.6246 1.0000 
89 90 0 16.2774 12.0139 -40.5611 16.2308 12.0484 -41.0772 0.1451 0.5194 0.0000 0.0000 205.0000 18.8608 1.0000 
90 91 0 16.2308 12.0484 -41.0772 16.1432 12.0899 -42.0724 0.1451 1.0000 0.0000 0.0000 205.0000 19.3185 1.0000 
91 92 0 16.1432 12.0899 -42.0724 16.0608 12.1120 -42.5416 0.1451 0.4768 0.0000 0.0000 205.0000 19.5379 1.0000 
92 93 0 16.0608 12.1120 -42.5416 15.9539 12.0929 -43.0640 0.1451 0.5336 0.0000 0.0000 205.0000 19.7844 1.0000 
93 94 0 15.9539 12.0929 -43.0640 15.8673 12.0810 -43.5205 0.1451 0.4648 0.0000 0.0000 205.0000 20.0000 1.0000 
1 95 6 0.3811 0.2659 -3.0827 -0.3037 0.9805 -3.2114 0.0582 0.9981 238.0000 23.8000 0.0000 7.1980 2.0000 
95 96 6 -0.3037 0.9805 -3.2114 -0.9893 1.7009 -3.3024 0.0582 0.9986 238.0000 23.8000 0.0000 8.7658 2.0000 
96 97 6 -0.9893 1.7009 -3.3024 -1.6913 2.4059 -3.3963 0.0582 0.9993 238.0000 23.8000 0.0000 10.5406 2.0000 
97 98 6 -1.6913 2.4059 -3.3963 -2.3839 3.1204 -3.4944 0.0582 0.9999 238.0000 23.8000 0.0000 12.5889 2.0000 
98 99 6 -2.3839 3.1204 -3.4944 -3.0825 3.8277 -3.5949 0.0582 0.9992 238.0000 23.8000 0.0000 15.0000 2.0000 
99 100 6 -3.0825 3.8277 -3.5949 -3.7906 4.5249 -3.7062 0.0582 0.9999 238.0000 23.8000 0.0000 17.9415 2.0000 
100 101 6 -3.7906 4.5249 -3.7062 -4.2021 4.9267 -3.7861 0.0582 0.5806 238.0000 23.8000 0.0000 20.0000 2.0000 
2 102 7 0.8233 0.5980 -3.1873 0.2414 1.1849 -3.7403 0.0509 0.9944 238.0000 23.8000 0.0000 7.4009 2.0000 
102 103 7 0.2414 1.1849 -3.7403 -0.3673 1.7914 -4.2499 0.0509 0.9991 238.0000 23.8000 0.0000 8.9638 2.0000 
103 104 7 -0.3673 1.7914 -4.2499 -0.9527 2.4015 -4.7831 0.0509 0.9995 238.0000 23.8000 0.0000 10.7281 2.0000 
104 105 7 -0.9527 2.4015 -4.7831 -1.5230 3.0192 -5.3236 0.0509 0.9995 238.0000 23.8000 0.0000 12.7537 2.0000 
105 106 7 -1.5230 3.0192 -5.3236 -2.1317 3.6099 -5.8528 0.0509 0.9997 238.0000 23.8000 0.0000 15.1340 2.0000 
106 107 7 -2.1317 3.6099 -5.8528 -2.7483 4.1918 -6.3746 0.0509 0.9955 238.0000 23.8000 0.0000 18.0000 2.0000 
107 108 7 -2.7483 4.1918 -6.3746 -3.1211 4.5458 -6.6437 0.0509 0.5803 238.0000 23.8000 0.0000 20.0000 2.0000 
3 109 8 1.2384 0.8465 -3.3091 1.9805 0.2057 -3.1139 0.0517 0.9998 238.0000 23.8000 0.0000 7.5724 2.0000 
109 110 8 1.9805 0.2057 -3.1139 2.6973 -0.4581 -2.9033 0.0517 0.9994 238.0000 23.8000 0.0000 9.0950 2.0000 
110 111 8 2.6973 -0.4581 -2.9033 3.4259 -1.1202 -2.7747 0.0517 0.9929 238.0000 23.8000 0.0000 10.7745 2.0000 
111 112 8 3.4259 -1.1202 -2.7747 4.1510 -1.7946 -2.6408 0.0517 0.9993 238.0000 23.8000 0.0000 12.6482 2.0000 
112 113 8 4.1510 -1.7946 -2.6408 4.9175 -2.4117 -2.4807 0.0517 0.9969 238.0000 23.8000 0.0000 14.7670 2.0000 
113 114 8 4.9175 -2.4117 -2.4807 5.7070 -2.9963 -2.3015 0.0517 0.9986 238.0000 23.8000 0.0000 17.2055 2.0000 
114 115 8 5.7070 -2.9963 -2.3015 6.4830 -3.5643 -2.1379 0.0517 0.9755 238.0000 23.8000 0.0000 20.0000 2.0000 
4 116 9 1.6264 1.0889 -3.4287 1.4565 0.8101 -4.3696 0.0471 0.9959 238.0000 23.8000 0.0000 7.7634 2.0000 
116 117 9 1.4565 0.8101 -4.3696 1.2886 0.5320 -5.3153 0.0471 1.0000 238.0000 23.8000 0.0000 9.3464 2.0000 
117 118 9 1.2886 0.5320 -5.3153 1.0827 0.2635 -6.2562 0.0471 0.9999 238.0000 23.8000 0.0000 11.1552 2.0000 
118 119 9 1.0827 0.2635 -6.2562 0.8381 0.0261 -7.1960 0.0471 0.9997 238.0000 23.8000 0.0000 13.2631 2.0000 
119 120 9 0.8381 0.0261 -7.1960 0.5963 -0.1894 -8.1402 0.0471 0.9982 238.0000 23.8000 0.0000 15.7895 2.0000 
120 121 9 0.5963 -0.1894 -8.1402 0.3001 -0.4459 -9.0592 0.0471 0.9991 238.0000 23.8000 0.0000 18.9423 2.0000 
121 122 9 0.3001 -0.4459 -9.0592 0.2187 -0.5171 -9.3219 0.0471 0.2841 238.0000 23.8000 0.0000 20.0000 2.0000 
5 123 10 1.9974 1.3251 -3.5382 1.5815 1.9160 -4.2290 0.0474 0.9998 238.0000 23.8000 0.0000 7.9228 2.0000 
123 124 10 1.5815 1.9160 -4.2290 1.1406 2.4836 -4.9243 0.0474 0.9999 238.0000 23.8000 0.0000 9.4774 2.0000 
124 125 10 1.1406 2.4836 -4.9243 0.7203 3.0770 -5.6102 0.0474 0.9997 238.0000 23.8000 0.0000 11.2250 2.0000 
125 126 10 0.7203 3.0770 -5.6102 0.2589 3.6776 -6.2632 0.0474 0.9999 238.0000 23.8000 0.0000 13.2207 2.0000 
126 127 10 0.2589 3.6776 -6.2632 -0.2068 4.2888 -6.9028 0.0474 0.9998 238.0000 23.8000 0.0000 15.5474 2.0000 
127 128 10 -0.2068 4.2888 -6.9028 -0.6895 4.8718 -7.5551 0.0474 0.9992 238.0000 23.8000 0.0000 18.3333 2.0000 
128 129 10 -0.6895 4.8718 -7.5551 -0.9389 5.1747 -7.8830 0.0474 0.5113 238.0000 23.8000 0.0000 20.0000 2.0000 
6 130 11 2.4665 1.6466 -3.6967 2.9680 1.6154 -2.8322 0.0433 0.9999 238.0000 23.8000 0.0000 8.1595 2.0000 
130 131 11 2.9680 1.6154 -2.8322 3.5185 1.5794 -1.9999 0.0433 0.9985 238.0000 23.8000 0.0000 9.7795 2.0000 
131 132 11 3.5185 1.5794 -1.9999 4.0367 1.5344 -1.1462 0.0433 0.9997 238.0000 23.8000 0.0000 11.6693 2.0000 
132 133 11 4.0367 1.5344 -1.1462 4.6266 1.5415 -0.3435 0.0433 0.9962 238.0000 23.8000 0.0000 13.9432 2.0000 
133 134 11 4.6266 1.5415 -0.3435 5.1758 1.5456 0.4907 0.0433 0.9988 238.0000 23.8000 0.0000 16.7779 2.0000 
134 135 11 5.1758 1.5456 0.4907 5.6358 1.5304 1.2303 0.0433 0.8711 238.0000 23.8000 0.0000 20.0000 2.0000 
7 136 12 2.8982 1.8806 -3.8706 2.3622 2.6421 -3.5077 0.0487 0.9995 238.0000 23.8000 0.0000 8.3361 2.0000 
136 137 12 2.3622 2.6421 -3.5077 1.8081 3.3898 -3.1423 0.0487 0.9997 238.0000 23.8000 0.0000 9.8943 2.0000 
137 138 12 1.8081 3.3898 -3.1423 1.2219 4.1174 -2.7867 0.0487 0.9997 238.0000 23.8000 0.0000 11.6488 2.0000 
138 139 12 1.2219 4.1174 -2.7867 0.6412 4.8429 -2.4253 0.0487 0.9971 238.0000 23.8000 0.0000 13.6582 2.0000 
139 140 12 0.6412 4.8429 -2.4253 0.0599 5.5728 -2.0704 0.0487 0.9983 238.0000 23.8000 0.0000 16.0000 2.0000 
140 141 12 0.0599 5.5728 -2.0704 -0.4439 6.3477 -1.6915 0.0487 0.9989 238.0000 23.8000 0.0000 18.8334 2.0000 
141 142 12 -0.4439 6.3477 -1.6915 -0.6234 6.6247 -1.5539 0.0487 0.3576 238.0000 23.8000 0.0000 20.0000 2.0000 
8 143 13 3.3066 2.1301 -4.0203 3.9340 1.6060 -3.4493 0.0397 0.9972 238.0000 23.8000 0.0000 8.5347 2.0000 
143 144 13 3.9340 1.6060 -3.4493 4.5646 1.0846 -2.8746 0.0397 0.9999 238.0000 23.8000 0.0000 10.1367 2.0000 
144 145 13 4.5646 1.0846 -2.8746 5.1849 0.5834 -2.2720 0.0397 0.9996 238.0000 23.8000 0.0000 11.9853 2.0000 
145 146 13 5.1849 0.5834 -2.2720 5.7826 0.0759 -1.6515 0.0397 0.9998 238.0000 23.8000 0.0000 14.1743 2.0000 
146 147 13 5.7826 0.0759 -1.6515 6.3945 -0.4441 -1.0560 0.0397 0.9998 238.0000 23.8000 0.0000 16.8506 2.0000 
147 148 13 6.3945 -0.4441 -1.0560 6.9445 -0.9365 -0.4987 0.0397 0.9249 238.0000 23.8000 0.0000 20.0000 2.0000 
9 149 14 3.7074 2.3762 -4.1608 4.1938 1.8145 -3.4927 0.0598 0.9992 238.0000 23.8000 0.0000 8.7173 2.0000 
149 150 14 4.1938 1.8145 -3.4927 4.7161 1.2631 -2.8427 0.0598 0.9997 238.0000 23.8000 0.0000 10.3158 2.0000 
150 151 14 4.7161 1.2631 -2.8427 5.2182 0.7252 -2.1656 0.0598 1.0000 238.0000 23.8000 0.0000 12.1574 2.0000 
151 152 14 5.2182 0.7252 -2.1656 5.7291 0.1975 -1.4876 0.0598 0.9996 238.0000 23.8000 0.0000 14.3294 2.0000 
152 153 14 5.7291 0.1975 -1.4876 6.2239 -0.3455 -0.8119 0.0598 0.9981 238.0000 23.8000 0.0000 16.9741 2.0000 
153 154 14 6.2239 -0.3455 -0.8119 6.6704 -0.8369 -0.1950 0.0598 0.9063 238.0000 23.8000 0.0000 20.0000 2.0000 
10 155 15 4.1217 2.6480 -4.3446 3.8861 2.5218 -5.3078 0.0555 0.9996 238.0000 23.8000 0.0000 8.9078 2.0000 
155 156 15 3.8861 2.5218 -5.3078 3.6815 2.3688 -6.2740 0.0555 0.9994 238.0000 23.8000 0.0000 10.4775 2.0000 
156 157 15 3.6815 2.3688 -6.2740 3.4873 2.2204 -7.2427 0.0555 0.9990 238.0000 23.8000 0.0000 12.2577 2.0000 
157 158 15 3.4873 2.2204 -7.2427 3.2474 2.1017 -8.2059 0.0555 0.9997 238.0000 23.8000 0.0000 14.3104 2.0000 
158 159 15 3.2474 2.1017 -8.2059 2.9727 1.9977 -9.1608 0.0555 0.9991 238.0000 23.8000 0.0000 16.7359 2.0000 
159 160 15 2.9727 1.9977 -9.1608 2.6845 1.8876 -10.1109 0.0555 0.9990 238.0000 23.8000 0.0000 19.7007 2.0000 
160 161 15 2.6845 1.8876 -10.1109 2.6612 1.8775 -10.1965 0.0555 0.0892 238.0000 23.8000 0.0000 20.0000 2.0000 
11 162 16 4.4895 2.8736 -4.5354 4.6369 2.2207 -5.2783 0.0486 0.9999 238.0000 23.8000 0.0000 9.0785 2.0000 
162 163 16 4.6369 2.2207 -5.2783 4.7480 1.5695 -6.0283 0.0486 0.9995 238.0000 23.8000 0.0000 10.6194 2.0000 
163 164 16 4.7480 1.5695 -6.0283 4.8585 0.9366 -6.7945 0.0486 0.9999 238.0000 23.8000 0.0000 12.3384 2.0000 
164 165 16 4.8585 0.9366 -6.7945 4.9871 0.3138 -7.5655 0.0486 0.9994 238.0000 23.8000 0.0000 14.2896 2.0000 
165 166 16 4.9871 0.3138 -7.5655 5.1218 -0.3131 -8.3323 0.0486 0.9995 238.0000 23.8000 0.0000 16.5243 2.0000 
166 167 16 5.1218 -0.3131 -8.3323 5.2689 -0.9139 -9.1177 0.0486 0.9998 238.0000 23.8000 0.0000 19.1602 2.0000 
167 168 16 5.2689 -0.9139 -9.1177 5.3365 -1.0750 -9.3417 0.0486 0.2841 238.0000 23.8000 0.0000 20.0000 2.0000 
12 169 17 5.2179 3.3218 -4.9380 4.4832 4.0071 -4.5469 0.0471 1.0781 238.0000 23.8000 0.0000 9.2785 2.0000 
169 170 17 4.4832 4.0071 -4.5469 4.0987 4.9190 -4.4119 0.0471 0.9989 238.0000 23.8000 0.0000 10.8771 2.0000 
170 171 17 4.0987 4.9190 -4.4119 3.7356 5.8397 -4.2790 0.0471 0.9986 238.0000 23.8000 0.0000 12.7187 2.0000 
171 172 17 3.7356 5.8397 -4.2790 3.3199 6.7414 -4.1720 0.0471 0.9986 238.0000 23.8000 0.0000 14.8896 2.0000 
172 173 17 3.3199 6.7414 -4.1720 2.9646 7.6701 -4.0723 0.0471 0.9994 238.0000 23.8000 0.0000 17.5376 2.0000 
173 174 17 2.9646 7.6701 -4.0723 2.6779 8.3645 -4.0131 0.0471 0.7535 238.0000 23.8000 0.0000 20.0000 2.0000 
12 175 18 5.2179 3.3218 -4.9380 5.1059 2.9102 -5.8415 0.0507 0.9991 238.0000 23.8000 0.0000 9.4470 2.0000 
175 176 18 5.1059 2.9102 -5.8415 5.0343 2.5339 -6.7650 0.0507 0.9998 238.0000 23.8000 0.0000 11.0334 2.0000 
176 177 18 5.0343 2.5339 -6.7650 4.9114 2.0959 -7.6538 0.0507 0.9984 238.0000 23.8000 0.0000 12.8453 2.0000 
177 178 18 4.9114 2.0959 -7.6538 4.7900 1.6846 -8.5571 0.0507 0.9999 238.0000 23.8000 0.0000 14.9599 2.0000 
178 179 18 4.7900 1.6846 -8.5571 4.6597 1.2567 -9.4507 0.0507 0.9994 238.0000 23.8000 0.0000 17.5083 2.0000 
179 180 18 4.6597 1.2567 -9.4507 4.5268 0.9423 -10.1771 0.0507 0.8026 238.0000 23.8000 0.0000 20.0000 2.0000 
13 181 19 5.6390 3.6485 -5.1960 5.0754 4.4704 -5.1178 0.0594 0.9996 238.0000 23.8000 0.0000 9.6722 2.0000 
181 182 19 5.0754 4.4704 -5.1178 4.5195 5.2977 -5.0402 0.0594 0.9998 238.0000 23.8000 0.0000 11.2578 2.0000 
182 183 19 4.5195 5.2977 -5.0402 4.0677 6.1887 -5.0500 0.0594 0.9991 238.0000 23.8000 0.0000 13.0722 2.0000 
183 184 19 4.0677 6.1887 -5.0500 3.5817 7.0624 -5.0292 0.0594 0.9999 238.0000 23.8000 0.0000 15.1905 2.0000 
184 185 19 3.5817 7.0624 -5.0292 3.0967 7.9366 -5.0087 0.0594 1.0000 238.0000 23.8000 0.0000 17.7346 2.0000 
185 186 19 3.0967 7.9366 -5.0087 2.7348 8.5764 -4.9823 0.0594 0.7355 238.0000 23.8000 0.0000 20.0000 2.0000 
14 187 20 6.0441 3.9273 -5.4275 6.7531 3.2272 -5.3449 0.0527 0.9999 238.0000 23.8000 0.0000 9.8823 2.0000 
187 188 20 6.7531 3.2272 -5.3449 7.4752 2.5434 -5.2446 0.0527 0.9994 238.0000 23.8000 0.0000 11.4786 2.0000 
188 189 20 7.4752 2.5434 -5.2446 8.1649 1.8234 -5.2559 0.0527 0.9972 238.0000 23.8000 0.0000 13.3185 2.0000 
189 190 20 8.1649 1.8234 -5.2559 8.8689 1.1138 -5.2832 0.0527 0.9999 238.0000 23.8000 0.0000 15.4809 2.0000 
190 191 20 8.8689 1.1138 -5.2832 9.5711 0.4024 -5.2735 0.0527 0.9996 238.0000 23.8000 0.0000 18.1191 2.0000 
191 192 20 9.5711 0.4024 -5.2735 9.9791 -0.0290 -5.2642 0.0527 0.5938 238.0000 23.8000 0.0000 20.0000 2.0000 
15 193 21 6.4098 4.1819 -5.6366 6.2548 3.7809 -6.5395 0.0433 1.0000 238.0000 23.8000 0.0000 10.0707 2.0000 
193 194 21 6.2548 3.7809 -6.5395 6.0742 3.4157 -7.4518 0.0433 0.9992 238.0000 23.8000 0.0000 11.6669 2.0000 
194 195 21 6.0742 3.4157 -7.4518 5.8826 3.0350 -8.3561 0.0433 0.9998 238.0000 23.8000 0.0000 13.5033 2.0000 
195 196 21 5.8826 3.0350 -8.3561 5.7093 2.6716 -9.2705 0.0433 0.9991 238.0000 23.8000 0.0000 15.6657 2.0000 
196 197 21 5.7093 2.6716 -9.2705 5.5898 2.2924 -10.1874 0.0433 0.9993 238.0000 23.8000 0.0000 18.3029 2.0000 
197 198 21 5.5898 2.2924 -10.1874 5.5329 2.0887 -10.6840 0.0433 0.5398 238.0000 23.8000 0.0000 20.0000 2.0000 
16 199 22 6.6914 4.4363 -5.9061 6.3281 5.2867 -5.5257 0.0339 1.0000 238.0000 23.8000 0.0000 10.2702 2.0000 
199 200 22 6.3281 5.2867 -5.5257 5.9601 6.1610 -5.2142 0.0339 0.9984 238.0000 23.8000 0.0000 11.9464 2.0000 
200 201 22 5.9601 6.1610 -5.2142 5.5842 7.0062 -4.8362 0.0339 0.9993 238.0000 23.8000 0.0000 13.9671 2.0000 
201 202 22 5.5842 7.0062 -4.8362 5.1516 7.8204 -4.4533 0.0339 0.9984 238.0000 23.8000 0.0000 16.5157 2.0000 
202 203 22 5.1516 7.8204 -4.4533 4.7426 8.6482 -4.0695 0.0339 0.9999 238.0000 23.8000 0.0000 19.9545 2.0000 
203 204 22 4.7426 8.6482 -4.0695 4.7381 8.6574 -4.0653 0.0339 0.0110 238.0000 23.8000 0.0000 20.0000 2.0000 
17 205 23 7.2718 4.9014 -6.4409 6.2405 5.3873 -6.1537 0.0519 1.1756 238.0000 23.8000 0.0000 10.3882 2.0000 
205 206 23 6.2405 5.3873 -6.1537 5.5951 6.1494 -6.1906 0.0519 0.9993 238.0000 23.8000 0.0000 11.9456 2.0000 
206 207 23 5.5951 6.1494 -6.1906 4.9321 6.8960 -6.2043 0.0519 0.9986 238.0000 23.8000 0.0000 13.6985 2.0000 
207 208 23 4.9321 6.8960 -6.2043 4.2802 7.6529 -6.2467 0.0519 0.9998 238.0000 23.8000 0.0000 15.7032 2.0000 
208 209 23 4.2802 7.6529 -6.2467 3.6061 8.3906 -6.2808 0.0519 1.0000 238.0000 23.8000 0.0000 18.0484 2.0000 
209 210 23 3.6061 8.3906 -6.2808 3.0979 8.8920 -6.2803 0.0519 0.7139 238.0000 23.8000 0.0000 20.0000 2.0000 
17 211 24 7.2718 4.9014 -6.4409 6.4864 5.4921 -6.6192 0.0495 0.9988 238.0000 23.8000 0.0000 10.5857 2.0000 
211 212 24 6.4864 5.4921 -6.6192 5.7032 6.1046 -6.7238 0.0495 0.9998 238.0000 23.8000 0.0000 12.1207 2.0000 
212 213 24 5.7032 6.1046 -6.7238 4.9475 6.7400 -6.8811 0.0495 0.9997 238.0000 23.8000 0.0000 13.8213 2.0000 
213 214 24 4.9475 6.7400 -6.8811 4.2192 7.4170 -6.9730 0.0495 0.9987 238.0000 23.8000 0.0000 15.7338 2.0000 
214 215 24 4.2192 7.4170 -6.9730 3.4815 8.0824 -7.0840 0.0495 0.9996 238.0000 23.8000 0.0000 17.9136 2.0000 
215 216 24 3.4815 8.0824 -7.0840 2.8610 8.6273 -7.1959 0.0495 0.8333 238.0000 23.8000 0.0000 20.0000 2.0000 
18 217 25 7.5541 5.1274 -6.7334 7.4356 4.7479 -7.6509 0.0516 1.0000 238.0000 23.8000 0.0000 10.7779 2.0000 
217 218 25 7.4356 4.7479 -7.6509 7.2968 4.3284 -8.5477 0.0516 0.9997 238.0000 23.8000 0.0000 12.3530 2.0000 
218 219 25 7.2968 4.3284 -8.5477 7.2204 3.9093 -9.4513 0.0516 0.9990 238.0000 23.8000 0.0000 14.1498 2.0000 
219 220 25 7.2204 3.9093 -9.4513 7.1098 3.5592 -10.3811 0.0516 0.9997 238.0000 23.8000 0.0000 16.2262 2.0000 
220 221 25 7.1098 3.5592 -10.3811 6.9978 3.2117 -11.3121 0.0516 1.0000 238.0000 23.8000 0.0000 18.6894 2.0000 
221 222 25 6.9978 3.2117 -11.3121 6.9241 3.0200 -11.7231 0.0516 0.4595 238.0000 23.8000 0.0000 20.0000 2.0000 
19 223 26 7.9053 5.4048 -7.0750 8.1240 4.5394 -7.5203 0.0508 0.9975 238.0000 23.8000 0.0000 10.9959 2.0000 
223 224 26 8.1240 4.5394 -7.5203 8.2865 3.6749 -7.9831 0.0508 0.9939 238.0000 23.8000 0.0000 12.5674 2.0000 
224 225 26 8.2865 3.6749 -7.9831 8.4291 2.7902 -8.4253 0.0508 0.9993 238.0000 23.8000 0.0000 14.3507 2.0000 
225 226 26 8.4291 2.7902 -8.4253 8.5347 1.9011 -8.8705 0.0508 0.9999 238.0000 23.8000 0.0000 16.4160 2.0000 
226 227 26 8.5347 1.9011 -8.8705 8.6463 1.0575 -9.3941 0.0508 0.9992 238.0000 23.8000 0.0000 18.8573 2.0000 
227 228 26 8.6463 1.0575 -9.3941 8.7386 0.7301 -9.6202 0.0508 0.4084 238.0000 23.8000 0.0000 20.0000 2.0000 
20 229 27 8.2570 5.6217 -7.3690 8.9828 5.0911 -6.9313 0.0503 0.9999 238.0000 23.8000 0.0000 11.1941 2.0000 
229 230 27 8.9828 5.0911 -6.9313 9.7024 4.5460 -6.5022 0.0503 0.9996 238.0000 23.8000 0.0000 12.7641 2.0000 
230 231 27 9.7024 4.5460 -6.5022 10.4157 4.0000 -6.0637 0.0503 0.9996 238.0000 23.8000 0.0000 14.5437 2.0000 
231 232 27 10.4157 4.0000 -6.0637 11.0862 3.4091 -5.6164 0.0503 0.9994 238.0000 23.8000 0.0000 16.6006 2.0000 
232 233 27 11.0862 3.4091 -5.6164 11.7567 2.8205 -5.1648 0.0503 1.0000 238.0000 23.8000 0.0000 19.0287 2.0000 
233 234 27 11.7567 2.8205 -5.1648 11.9931 2.6127 -5.0076 0.0503 0.3518 238.0000 23.8000 0.0000 20.0000 2.0000 
21 235 28 8.5901 5.8167 -7.6355 8.9667 6.3623 -6.8900 0.0448 0.9976 238.0000 23.8000 0.0000 11.3736 2.0000 
235 236 28 8.9667 6.3623 -6.8900 9.3571 6.9080 -6.1495 0.0448 0.9992 238.0000 23.8000 0.0000 12.9324 2.0000 
236 237 28 9.3571 6.9080 -6.1495 9.7094 7.5126 -5.4377 0.0448 0.9982 238.0000 23.8000 0.0000 14.6885 2.0000 
237 238 28 9.7094 7.5126 -5.4377 9.9872 8.1757 -4.7431 0.0448 0.9997 238.0000 23.8000 0.0000 16.6993 2.0000 
238 239 28 9.9872 8.1757 -4.7431 10.2711 8.8494 -4.0609 0.0448 0.9999 238.0000 23.8000 0.0000 19.0511 2.0000 
239 240 28 10.2711 8.8494 -4.0609 10.4065 9.1109 -3.8570 0.0448 0.3583 238.0000 23.8000 0.0000 20.0000 2.0000 
22 241 29 8.9533 6.0378 -7.9388 8.5252 6.5822 -8.6596 0.0526 0.9996 238.0000 23.8000 0.0000 11.6008 2.0000 
241 242 29 8.5252 6.5822 -8.6596 8.0949 7.1410 -9.3685 0.0526 1.0000 238.0000 23.8000 0.0000 13.2423 2.0000 
242 243 29 8.0949 7.1410 -9.3685 7.6459 7.7170 -10.0516 0.0526 1.0000 238.0000 23.8000 0.0000 15.1810 2.0000 
243 244 29 7.6459 7.7170 -10.0516 7.1997 8.2629 -10.7584 0.0526 0.9984 238.0000 23.8000 0.0000 17.5459 2.0000 
244 245 29 7.1997 8.2629 -10.7584 6.8478 8.7043 -11.3641 0.0526 0.8279 238.0000 23.8000 0.0000 20.0000 2.0000 
23 246 30 9.2379 6.2641 -8.2903 9.4094 7.1470 -7.8536 0.0598 0.9998 238.0000 23.8000 0.0000 11.7777 2.0000 
246 247 30 9.4094 7.1470 -7.8536 9.6018 8.0264 -7.4194 0.0598 0.9995 238.0000 23.8000 0.0000 13.3349 2.0000 
247 248 30 9.6018 8.0264 -7.4194 9.8162 8.8984 -6.9800 0.0598 0.9996 238.0000 23.8000 0.0000 15.0868 2.0000 
248 249 30 9.8162 8.8984 -6.9800 10.0222 9.7838 -6.5635 0.0598 1.0000 238.0000 23.8000 0.0000 17.0906 2.0000 
249 250 30 10.0222 9.7838 -6.5635 10.2268 10.6614 -6.1308 0.0598 0.9997 238.0000 23.8000 0.0000 19.4280 2.0000 
250 251 30 10.2268 10.6614 -6.1308 10.2740 10.8539 -6.0343 0.0598 0.2204 238.0000 23.8000 0.0000 20.0000 2.0000 
24 252 31 9.6538 6.5449 -8.6971 10.3687 6.5641 -7.9985 0.0480 0.9997 238.0000 23.8000 0.0000 12.0433 2.0000 
252 253 31 10.3687 6.5641 -7.9985 11.1064 6.6524 -7.3315 0.0480 0.9985 238.0000 23.8000 0.0000 13.6343 2.0000 
253 254 31 11.1064 6.6524 -7.3315 11.8258 6.7612 -6.6455 0.0480 0.9999 238.0000 23.8000 0.0000 15.4594 2.0000 
254 255 31 11.8258 6.7612 -6.6455 12.5361 6.8419 -5.9470 0.0480 0.9995 238.0000 23.8000 0.0000 17.6010 2.0000 
255 256 31 12.5361 6.8419 -5.9470 13.1423 6.8493 -5.2365 0.0480 0.9339 238.0000 23.8000 0.0000 20.0000 2.0000 
25 257 32 9.9984 6.7757 -9.0347 9.8878 6.1801 -9.8299 0.0490 0.9996 238.0000 23.8000 0.0000 12.2489 2.0000 
257 258 32 9.8878 6.1801 -9.8299 9.7749 5.6381 -10.6623 0.0490 0.9997 238.0000 23.8000 0.0000 13.8168 2.0000 
258 259 32 9.7749 5.6381 -10.6623 9.6708 5.0918 -11.4933 0.0490 0.9999 238.0000 23.8000 0.0000 15.5918 2.0000 
259 260 32 9.6708 5.0918 -11.4933 9.5444 4.5643 -12.3332 0.0490 0.9998 238.0000 23.8000 0.0000 17.6378 2.0000 
260 261 32 9.5444 4.5643 -12.3332 9.4836 4.0278 -13.1498 0.0490 0.9789 238.0000 23.8000 0.0000 20.0000 2.0000 
26 262 33 10.3558 7.0053 -9.3966 9.8553 7.1088 -10.2558 0.0476 0.9997 238.0000 23.8000 0.0000 12.4776 2.0000 
262 263 33 9.8553 7.1088 -10.2558 9.3699 7.1785 -11.1272 0.0476 1.0000 238.0000 23.8000 0.0000 14.0719 2.0000 
263 264 33 9.3699 7.1785 -11.1272 8.8626 7.1574 -11.9877 0.0476 0.9991 238.0000 23.8000 0.0000 15.9016 2.0000 
264 265 33 8.8626 7.1574 -11.9877 8.3349 7.1364 -12.8368 0.0476 0.9999 238.0000 23.8000 0.0000 18.0508 2.0000 
265 266 33 8.3349 7.1364 -12.8368 7.9451 7.1187 -13.4984 0.0476 0.7681 238.0000 23.8000 0.0000 20.0000 2.0000 
27 267 34 10.6827 7.2240 -9.7541 11.1781 6.3674 -9.8977 0.0416 0.9999 238.0000 23.8000 0.0000 12.6895 2.0000 
267 268 34 11.1781 6.3674 -9.8977 11.6539 5.4975 -10.0258 0.0416 0.9998 238.0000 23.8000 0.0000 14.2804 2.0000 
268 269 34 11.6539 5.4975 -10.0258 12.0373 4.5803 -10.1310 0.0416 0.9996 238.0000 23.8000 0.0000 16.1084 2.0000 
269 270 34 12.0373 4.5803 -10.1310 12.4593 3.6821 -10.2491 0.0416 0.9994 238.0000 23.8000 0.0000 18.2474 2.0000 
270 271 34 12.4593 3.6821 -10.2491 12.8056 3.0791 -10.3354 0.0416 0.7007 238.0000 23.8000 0.0000 20.0000 2.0000 
28 272 35 11.0069 7.3908 -10.0779 11.7078 7.6189 -9.4060 0.0447 0.9973 238.0000 23.8000 0.0000 12.8749 2.0000 
272 273 35 11.7078 7.6189 -9.4060 12.4064 7.8665 -8.7349 0.0447 0.9999 238.0000 23.8000 0.0000 14.4282 2.0000 
273 274 35 12.4064 7.8665 -8.7349 13.0948 8.1560 -8.0700 0.0447 0.9998 238.0000 23.8000 0.0000 16.1729 2.0000 
274 275 35 13.0948 8.1560 -8.0700 13.7475 8.4406 -7.3680 0.0447 1.0000 238.0000 23.8000 0.0000 18.1611 2.0000 
275 276 35 13.7475 8.4406 -7.3680 14.2453 8.6275 -6.7620 0.0447 0.8061 238.0000 23.8000 0.0000 20.0000 2.0000 
29 277 36 11.3551 7.5675 -10.4541 10.5965 7.0736 -10.8779 0.0487 0.9995 238.0000 23.8000 0.0000 13.1109 2.0000 
277 278 36 10.5965 7.0736 -10.8779 9.8211 6.5725 -11.2599 0.0487 0.9990 238.0000 23.8000 0.0000 14.7268 2.0000 
278 279 36 9.8211 6.5725 -11.2599 9.0341 6.0765 -11.6262 0.0487 0.9998 238.0000 23.8000 0.0000 16.6068 2.0000 
279 280 36 9.0341 6.0765 -11.6262 8.2616 5.5929 -12.0357 0.0487 0.9991 238.0000 23.8000 0.0000 18.8549 2.0000 
280 281 36 8.2616 5.5929 -12.0357 7.9208 5.3873 -12.2214 0.0487 0.4393 238.0000 23.8000 0.0000 20.0000 2.0000 
30 282 37 11.7294 7.7170 -10.8161 12.0540 7.9389 -9.8968 0.0522 0.9999 238.0000 23.8000 0.0000 13.3145 2.0000 
282 283 37 12.0540 7.9389 -9.8968 12.3708 8.1619 -8.9749 0.0522 0.9999 238.0000 23.8000 0.0000 14.8743 2.0000 
283 284 37 12.3708 8.1619 -8.9749 12.6911 8.3640 -8.0511 0.0522 0.9985 238.0000 23.8000 0.0000 16.6322 2.0000 
284 285 37 12.6911 8.3640 -8.0511 12.9789 8.6039 -7.1261 0.0522 0.9980 238.0000 23.8000 0.0000 18.6457 2.0000 
285 286 37 12.9789 8.6039 -7.1261 13.1503 8.7419 -6.5729 0.0522 0.5954 238.0000 23.8000 0.0000 20.0000 2.0000 
31 287 38 12.0980 7.8802 -11.2468 11.5341 8.6972 -11.1383 0.0492 0.9987 238.0000 23.8000 0.0000 13.5578 2.0000 
287 288 38 11.5341 8.6972 -11.1383 10.9189 9.4817 -11.0628 0.0492 0.9997 238.0000 23.8000 0.0000 15.1352 2.0000 
288 289 38 10.9189 9.4817 -11.0628 10.3345 10.2846 -10.9553 0.0492 0.9989 238.0000 23.8000 0.0000 16.9264 2.0000 
289 290 38 10.3345 10.2846 -10.9553 9.7426 11.0812 -10.8396 0.0492 0.9992 238.0000 23.8000 0.0000 19.0000 2.0000 
290 291 38 9.7426 11.0812 -10.8396 9.4943 11.4241 -10.7745 0.0492 0.4282 238.0000 23.8000 0.0000 20.0000 2.0000 
32 292 39 12.3985 8.0145 -11.6061 13.2069 7.8826 -11.0337 0.0597 0.9993 238.0000 23.8000 0.0000 13.7488 2.0000 
292 293 39 13.2069 7.8826 -11.0337 14.0126 7.7299 -10.4617 0.0597 0.9998 238.0000 23.8000 0.0000 15.2966 2.0000 
293 294 39 14.0126 7.7299 -10.4617 14.8293 7.5780 -9.9050 0.0597 1.0000 238.0000 23.8000 0.0000 17.0415 2.0000 
294 295 39 14.8293 7.5780 -9.9050 15.6518 7.4371 -9.3633 0.0597 0.9949 238.0000 23.8000 0.0000 19.0000 2.0000 
295 296 39 15.6518 7.4371 -9.3633 16.0281 7.3879 -9.1055 0.0597 0.4587 238.0000 23.8000 0.0000 20.0000 2.0000 
33 297 40 12.7105 8.1677 -11.9848 12.1936 8.9679 -12.2891 0.0429 1.0000 238.0000 23.8000 0.0000 13.9692 2.0000 
297 298 40 12.1936 8.9679 -12.2891 11.7265 9.7759 -12.6427 0.0429 0.9981 238.0000 23.8000 0.0000 15.5548 2.0000 
298 299 40 11.7265 9.7759 -12.6427 11.2672 10.6064 -12.9556 0.0429 0.9993 238.0000 23.8000 0.0000 17.3674 2.0000 
299 300 40 11.2672 10.6064 -12.9556 10.8055 11.4426 -13.2514 0.0429 1.0000 238.0000 23.8000 0.0000 19.4833 2.0000 
300 301 40 10.8055 11.4426 -13.2514 10.7068 11.6282 -13.3159 0.0429 0.2199 238.0000 23.8000 0.0000 20.0000 2.0000 
34 302 41 13.0264 8.3276 -12.3247 12.2861 8.7859 -12.8163 0.0570 0.9999 238.0000 23.8000 0.0000 14.1606 2.0000 
302 303 41 12.2861 8.7859 -12.8163 11.5516 9.2651 -13.2948 0.0570 0.9991 238.0000 23.8000 0.0000 15.7062 2.0000 
303 304 41 11.5516 9.2651 -13.2948 10.8487 9.7650 -13.8006 0.0570 0.9999 238.0000 23.8000 0.0000 17.4347 2.0000 
304 305 41 10.8487 9.7650 -13.8006 10.1477 10.2684 -14.3056 0.0570 1.0000 238.0000 23.8000 0.0000 19.3941 2.0000 
305 306 41 10.1477 10.2684 -14.3056 9.9561 10.4186 -14.4501 0.0570 0.2831 238.0000 23.8000 0.0000 20.0000 2.0000 
35 307 42 13.4156 8.5033 -12.7504 13.5770 7.5506 -13.0055 0.0542 0.9993 238.0000 23.8000 0.0000 14.4108 2.0000 
307 308 42 13.5770 7.5506 -13.0055 13.7349 6.6010 -13.2747 0.0542 0.9996 238.0000 23.8000 0.0000 15.9670 2.0000 
308 309 42 13.7349 6.6010 -13.2747 13.8899 5.6466 -13.5290 0.0542 0.9998 238.0000 23.8000 0.0000 17.7171 2.0000 
309 310 42 13.8899 5.6466 -13.5290 14.0835 4.6997 -13.7588 0.0542 0.9935 238.0000 23.8000 0.0000 19.7169 2.0000 
310 311 42 14.0835 4.6997 -13.7588 14.1081 4.5751 -13.7885 0.0542 0.1304 238.0000 23.8000 0.0000 20.0000 2.0000 
36 312 43 13.7688 8.6630 -13.1359 14.4141 8.0143 -12.7330 0.0474 0.9998 238.0000 23.8000 0.0000 14.6485 2.0000 
312 313 43 14.4141 8.0143 -12.7330 15.0862 7.3878 -12.3389 0.0474 0.9998 238.0000 23.8000 0.0000 16.2487 2.0000 
313 314 43 15.0862 7.3878 -12.3389 15.7250 6.7298 -11.9408 0.0474 0.9998 238.0000 23.8000 0.0000 18.0931 2.0000 
314 315 43 15.7250 6.7298 -11.9408 16.3125 6.1686 -11.5882 0.0474 0.8857 238.0000 23.8000 0.0000 20.0000 2.0000 
37 316 44 14.3830 8.8983 -13.8252 13.5435 9.4508 -13.9355 0.0533 1.0110 238.0000 23.8000 0.0000 14.8288 2.0000 
316 317 44 13.5435 9.4508 -13.9355 12.9624 10.0989 -14.4249 0.0533 0.9987 238.0000 23.8000 0.0000 16.3656 2.0000 
317 318 44 12.9624 10.0989 -14.4249 12.4129 10.7745 -14.9147 0.0533 0.9991 238.0000 23.8000 0.0000 18.0764 2.0000 
318 319 44 12.4129 10.7745 -14.9147 11.7886 11.4006 -15.3594 0.0533 0.9897 238.0000 23.8000 0.0000 20.0000 2.0000 
37 320 45 14.3830 8.8983 -13.8252 14.9981 9.5060 -13.3228 0.0497 1.0000 238.0000 23.8000 0.0000 15.0371 2.0000 
320 321 45 14.9981 9.5060 -13.3228 15.5406 10.1563 -12.8027 0.0497 0.9939 238.0000 23.8000 0.0000 16.5995 2.0000 
321 322 45 15.5406 10.1563 -12.8027 16.1110 10.7824 -12.2748 0.0497 0.9980 238.0000 23.8000 0.0000 18.3625 2.0000 
322 323 45 16.1110 10.7824 -12.2748 16.6446 11.2478 -11.8700 0.0497 0.8156 238.0000 23.8000 0.0000 20.0000 2.0000 
38 324 46 14.6117 8.9954 -14.1559 13.7201 9.2573 -14.5245 0.0521 0.9997 238.0000 23.8000 0.0000 15.2266 2.0000 
324 325 46 13.7201 9.2573 -14.5245 12.8487 9.5870 -14.8869 0.0521 0.9998 238.0000 23.8000 0.0000 16.8561 2.0000 
325 326 46 12.8487 9.5870 -14.8869 11.9688 9.8840 -15.2552 0.0521 0.9990 238.0000 23.8000 0.0000 18.7671 2.0000 
326 327 46 11.9688 9.8840 -15.2552 11.4853 10.1129 -15.4178 0.0521 0.5591 238.0000 23.8000 0.0000 20.0000 2.0000 
39 328 47 14.9080 9.1181 -14.5580 14.7022 8.3183 -15.1214 0.0514 0.9997 238.0000 23.8000 0.0000 15.4244 2.0000 
328 329 47 14.7022 8.3183 -15.1214 14.4921 7.5295 -15.6987 0.0514 0.9999 238.0000 23.8000 0.0000 16.9882 2.0000 
329 330 47 14.4921 7.5295 -15.6987 14.2858 6.7084 -16.2303 0.0514 0.9996 238.0000 23.8000 0.0000 18.7548 2.0000 
330 331 47 14.2858 6.7084 -16.2303 14.1384 6.1825 -16.5447 0.0514 0.6302 238.0000 23.8000 0.0000 20.0000 2.0000 
40 332 48 15.1494 9.2080 -14.8984 15.5141 10.0708 -14.5485 0.0514 0.9999 238.0000 23.8000 0.0000 15.6057 2.0000 
332 333 48 15.5141 10.0708 -14.5485 15.8000 10.9582 -14.1877 0.0514 0.9997 238.0000 23.8000 0.0000 17.1792 2.0000 
333 334 48 15.8000 10.9582 -14.1877 16.1514 11.8153 -13.8265 0.0514 0.9943 238.0000 23.8000 0.0000 18.9606 2.0000 
334 335 48 16.1514 11.8153 -13.8265 16.3368 12.2676 -13.6360 0.0514 0.5246 238.0000 23.8000 0.0000 20.0000 2.0000 
41 336 49 15.3989 9.3555 -15.3502 16.1540 8.7035 -15.2900 0.0434 0.9995 238.0000 23.8000 0.0000 15.8406 2.0000 
336 337 49 16.1540 8.7035 -15.2900 16.9078 8.0491 -15.2392 0.0434 0.9995 238.0000 23.8000 0.0000 17.4430 2.0000 
337 338 49 16.9078 8.0491 -15.2392 17.6727 7.4078 -15.1875 0.0434 0.9995 238.0000 23.8000 0.0000 19.2942 2.0000 
338 339 49 17.6727 7.4078 -15.1875 17.9253 7.1763 -15.1783 0.0434 0.3427 238.0000 23.8000 0.0000 20.0000 2.0000 
42 340 56 15.6072 9.4973 -15.7509 15.0479 9.4968 -16.5798 0.0436 0.9999 238.0000 23.8000 0.0000 16.0355 2.0000 
340 341 56 15.0479 9.4968 -16.5798 14.5091 9.4591 -17.4205 0.0436 0.9992 238.0000 23.8000 0.0000 17.6139 2.0000 
341 342 56 14.5091 9.4591 -17.4205 13.9393 9.3703 -18.2351 0.0436 0.9981 238.0000 23.8000 0.0000 19.4131 2.0000 
342 343 56 13.9393 9.3703 -18.2351 13.7676 9.3430 -18.4767 0.0436 0.2976 238.0000 23.8000 0.0000 20.0000 2.0000 
43 344 57 15.8424 9.6047 -16.2152 15.0460 9.5570 -16.8179 0.0543 0.9999 238.0000 23.8000 0.0000 16.2628 2.0000 
344 345 57 15.0460 9.5570 -16.8179 14.2488 9.4652 -17.4106 0.0543 0.9977 238.0000 23.8000 0.0000 17.8482 2.0000 
345 346 57 14.2488 9.4652 -17.4106 13.4298 9.4049 -17.9799 0.0543 0.9992 238.0000 23.8000 0.0000 19.6613 2.0000 
346 347 57 13.4298 9.4049 -17.9799 13.2931 9.3942 -18.0830 0.0543 0.1715 238.0000 23.8000 0.0000 20.0000 2.0000 
44 348 58 16.0784 9.7114 -16.6810 16.5182 8.8360 -16.8816 0.0493 1.0000 238.0000 23.8000 0.0000 16.4942 2.0000 
348 349 58 16.5182 8.8360 -16.8816 16.9649 7.9637 -17.0801 0.0493 0.9999 238.0000 23.8000 0.0000 18.0969 2.0000 
349 350 58 16.9649 7.9637 -17.0801 17.4348 7.0972 -17.2483 0.0493 1.0000 238.0000 23.8000 0.0000 19.9470 2.0000 
350 351 58 17.4348 7.0972 -17.2483 17.4474 7.0745 -17.2530 0.0493 0.0264 238.0000 23.8000 0.0000 20.0000 2.0000 
45 352 59 16.2110 9.8185 -17.0152 15.5568 10.5641 -17.1388 0.0592 0.9996 238.0000 23.8000 0.0000 16.6664 2.0000 
352 353 59 15.5568 10.5641 -17.1388 14.9928 11.3708 -17.3044 0.0592 0.9981 238.0000 23.8000 0.0000 18.3178 2.0000 
353 354 59 14.9928 11.3708 -17.3044 14.4926 12.0753 -17.4220 0.0592 0.8720 238.0000 23.8000 0.0000 20.0000 2.0000 
46 355 60 16.3101 10.0101 -17.5057 17.2610 9.7098 -17.5558 0.0466 0.9984 238.0000 23.8000 0.0000 16.8601 2.0000 
355 356 60 17.2610 9.7098 -17.5558 18.2226 9.4433 -17.6186 0.0466 0.9998 238.0000 23.8000 0.0000 18.3728 2.0000 
356 357 60 18.2226 9.4433 -17.6186 19.1345 9.0911 -17.6959 0.0466 0.9806 238.0000 23.8000 0.0000 20.0000 2.0000 
47 358 67 16.3939 10.1753 -17.9303 15.4391 10.4715 -17.9301 0.0466 0.9997 238.0000 23.8000 0.0000 17.0856 2.0000 
358 359 67 15.4391 10.4715 -17.9301 14.4874 10.7769 -17.9435 0.0466 0.9996 238.0000 23.8000 0.0000 18.6891 2.0000 
359 360 67 14.4874 10.7769 -17.9435 13.8017 11.0078 -17.9573 0.0466 0.7236 238.0000 23.8000 0.0000 20.0000 2.0000 
48 361 68 16.5079 10.3242 -18.4969 16.7743 11.2362 -18.1862 0.0508 0.9997 238.0000 23.8000 0.0000 17.3317 2.0000 
361 362 68 16.7743 11.2362 -18.1862 16.9784 12.1830 -17.9444 0.0508 0.9983 238.0000 23.8000 0.0000 18.8935 2.0000 
362 363 68 16.9784 12.1830 -17.9444 17.1236 12.7887 -17.7854 0.0508 0.6428 238.0000 23.8000 0.0000 20.0000 2.0000 
49 364 69 16.5698 10.4417 -18.9387 16.1032 11.1750 -18.4482 0.0496 0.9980 238.0000 23.8000 0.0000 17.5299 2.0000 
364 365 69 16.1032 11.1750 -18.4482 15.6282 11.9172 -17.9760 0.0496 0.9997 238.0000 23.8000 0.0000 19.0841 2.0000 
365 366 69 15.6282 11.9172 -17.9760 15.3628 12.3112 -17.7191 0.0496 0.5401 238.0000 23.8000 0.0000 20.0000 2.0000 
50 367 70 16.6387 10.5785 -19.4734 16.0667 9.8292 -19.8068 0.0507 0.9998 238.0000 23.8000 0.0000 17.7694 2.0000 
367 368 70 16.0667 9.8292 -19.8068 15.4955 9.0790 -20.1398 0.0507 1.0000 238.0000 23.8000 0.0000 19.3122 2.0000 
368 369 70 15.4955 9.0790 -20.1398 15.2850 8.7507 -20.2768 0.0507 0.4133 238.0000 23.8000 0.0000 20.0000 2.0000 
51 370 71 16.6625 10.7392 -20.0458 16.3775 11.6644 -19.7954 0.0481 1.0000 238.0000 23.8000 0.0000 18.0372 2.0000 
370 371 71 16.3775 11.6644 -19.7954 16.1007 12.5920 -19.5464 0.0481 0.9995 238.0000 23.8000 0.0000 19.6062 2.0000 
371 372 71 16.1007 12.5920 -19.5464 16.0376 12.8075 -19.4838 0.0481 0.2331 238.0000 23.8000 0.0000 20.0000 2.0000 
52 373 79 16.6924 10.8543 -20.6042 17.6527 11.1251 -20.5496 0.0530 0.9992 238.0000 23.8000 0.0000 18.2879 2.0000 
373 374 79 17.6527 11.1251 -20.5496 18.6065 11.3780 -20.6484 0.0530 0.9917 238.0000 23.8000 0.0000 19.8557 2.0000 
374 375 79 18.6065 11.3780 -20.6484 18.6888 11.4023 -20.6583 0.0530 0.0863 238.0000 23.8000 0.0000 20.0000 2.0000 
53 376 80 16.6688 10.9713 -21.0502 15.7295 10.6974 -21.2528 0.0523 0.9992 238.0000 23.8000 0.0000 18.5066 2.0000 
376 377 80 15.7295 10.6974 -21.2528 14.8531 10.4481 -21.4116 0.0523 0.9249 238.0000 23.8000 0.0000 20.0000 2.0000 
54 378 81 16.6705 11.0711 -21.5225 17.6426 10.8639 -21.6200 0.0458 0.9987 238.0000 23.8000 0.0000 18.7067 2.0000 
378 379 81 17.6426 10.8639 -21.6200 18.4538 10.7045 -21.7062 0.0458 0.8312 238.0000 23.8000 0.0000 20.0000 2.0000 
55 380 82 16.6702 11.1983 -22.1044 16.7615 10.2454 -22.3852 0.0502 0.9976 238.0000 23.8000 0.0000 18.9677 2.0000 
380 381 82 16.7615 10.2454 -22.3852 16.8086 9.5840 -22.5120 0.0502 0.6751 238.0000 23.8000 0.0000 20.0000 2.0000 
56 382 83 16.6638 11.3082 -22.5613 15.6716 11.1883 -22.5394 0.0527 0.9997 238.0000 23.8000 0.0000 19.1838 2.0000 
382 383 83 15.6716 11.1883 -22.5394 15.1427 11.1308 -22.5411 0.0527 0.5319 238.0000 23.8000 0.0000 20.0000 2.0000 
57 384 90 16.6500 11.4035 -23.0184 17.6183 11.5870 -23.1813 0.0480 0.9988 238.0000 23.8000 0.0000 19.3928 2.0000 
384 385 90 17.6183 11.5870 -23.1813 18.0070 11.6456 -23.2502 0.0480 0.3991 238.0000 23.8000 0.0000 20.0000 2.0000 
58 386 91 16.6444 11.5182 -23.5437 15.7958 12.0336 -23.4275 0.0494 0.9997 238.0000 23.8000 0.0000 19.6331 2.0000 
386 387 91 15.7958 12.0336 -23.4275 15.5872 12.1580 -23.4035 0.0494 0.2441 238.0000 23.8000 0.0000 20.0000 2.0000 
59 388 92 16.6839 11.5760 -24.0138 16.0345 12.3217 -24.1589 0.0526 0.9993 238.0000 23.8000 0.0000 19.8428 2.0000 
388 389 92 16.0345 12.3217 -24.1589 15.9667 12.4025 -24.1698 0.0526 0.1062 238.0000 23.8000 0.0000 20.0000 2.0000 
60 390 93 16.6944 11.6266 -24.5028 17.2586 10.9557 -24.8513 0.0428 0.9434 238.0000 23.8000 0.0000 20.0000 2.0000 
61 391 94 16.7040 11.6706 -24.9656 17.4134 12.0559 -25.0190 0.0493 0.8091 238.0000 23.8000 0.0000 20.0000 2.0000 
62 392 101 16.6988 11.7456 -25.9431 16.3301 11.2032 -25.6554 0.0477 0.7162 238.0000 23.8000 0.0000 20.0000 2.0000 
62 393 102 16.6988 11.7456 -25.9431 16.4915 11.3017 -25.8937 0.0484 0.4924 238.0000 23.8000 0.0000 20.0000 2.0000 
63 394 103 16.6989 11.7846 -26.4669 16.5908 11.5067 -26.5798 0.0427 0.3188 238.0000 23.8000 0.0000 20.0000 2.0000 
64 395 104 16.6961 11.8246 -26.9689 16.8347 11.7763 -26.9936 0.0512 0.1488 238.0000 23.8000 0.0000 20.0000 2.0000 
396 397 1 0.0000 0.0000 -3.1000 0.4576 0.3001 -3.0957 0.1330 0.5473 0.0000 0.0000 205.0000 0.1685 4.0000 
397 398 1 0.4576 0.3001 -3.0957 0.8341 0.5559 -3.0891 0.1330 0.4552 0.0000 0.0000 205.0000 0.3091 4.0000 
398 399 1 0.8341 0.5559 -3.0891 1.2384 0.8345 -3.0810 0.1330 0.4911 0.0000 0.0000 205.0000 0.4611 4.0000 
399 400 1 1.2384 0.8345 -3.0810 1.7006 1.1933 -3.0843 0.1330 0.5852 0.0000 0.0000 205.0000 0.6428 4.0000 
400 401 1 1.7006 1.1933 -3.0843 2.0787 1.4899 -3.0832 0.1330 0.4805 0.0000 0.0000 205.0000 0.7924 4.0000 
401 402 1 2.0787 1.4899 -3.0832 2.4613 1.7579 -3.1206 0.1330 0.4686 0.0000 0.0000 205.0000 0.9387 4.0000 
402 403 1 2.4613 1.7579 -3.1206 2.9274 2.1152 -3.1847 0.1330 0.5909 0.0000 0.0000 205.0000 1.2524 4.0000 
403 404 1 2.9274 2.1152 -3.1847 3.3245 2.3914 -3.2560 0.1330 0.4889 0.0000 0.0000 205.0000 1.2775 4.0000 
404 405 1 3.3245 2.3914 -3.2560 3.7190 2.6742 -3.3171 0.1330 0.4892 0.0000 0.0000 205.0000 1.4316 4.0000 
405 406 1 3.7190 2.6742 -3.3171 4.0819 2.9317 -3.3829 0.1330 0.4498 0.0000 0.0000 205.0000 1.5736 4.0000 
406 407 1 4.0819 2.9317 -3.3829 4.4622 3.2121 -3.4765 0.1330 0.4817 0.0000 0.0000 205.0000 1.7262 4.0000 
407 408 1 4.4622 3.2121 -3.4765 4.8507 3.5130 -3.5695 0.1330 0.5001 0.0000 0.0000 205.0000 1.8850 4.0000 
408 409 1 4.8507 3.5130 -3.5695 5.5646 4.0780 -3.7435 0.1330 0.9269 0.0000 0.0000 205.0000 2.2040 4.0000 
409 410 1 5.5646 4.0780 -3.7435 5.9254 4.3617 -3.8206 0.1330 0.4654 0.0000 0.0000 205.0000 2.3296 4.0000 
410 411 1 5.9254 4.3617 -3.8206 6.3093 4.6651 -3.9195 0.1330 0.4992 0.0000 0.0000 205.0000 2.4898 4.0000 
411 412 1 6.3093 4.6651 -3.9195 6.6501 4.9155 -4.0162 0.1330 0.4338 0.0000 0.0000 205.0000 2.6294 4.0000 
412 413 1 6.6501 4.9155 -4.0162 7.0147 5.1613 -4.1589 0.1330 0.4623 0.0000 0.0000 205.0000 2.7786 4.0000 
413 414 1 7.0147 5.1613 -4.1589 7.4509 5.4552 -4.3298 0.1330 0.5531 0.0000 0.0000 205.0000 2.9576 4.0000 
414 415 1 7.4509 5.4552 -4.3298 7.8447 5.7223 -4.4933 0.1330 0.5031 0.0000 0.0000 205.0000 3.2827 4.0000 
415 416 1 7.8447 5.7223 -4.4933 8.2831 6.0059 -4.6753 0.1330 0.5530 0.0000 0.0000 205.0000 3.3010 4.0000 
416 417 1 8.2831 6.0059 -4.6753 8.7254 6.3269 -4.8351 0.1330 0.5694 0.0000 0.0000 205.0000 3.4870 4.0000 
417 418 1 8.7254 6.3269 -4.8351 9.0893 6.5845 -4.9674 0.1330 0.4651 0.0000 0.0000 205.0000 3.6393 4.0000 
418 419 1 9.0893 6.5845 -4.9674 9.4595 6.8179 -5.0984 0.1330 0.4568 0.0000 0.0000 205.0000 3.7894 4.0000 
419 420 1 9.4595 6.8179 -5.0984 9.8981 7.0968 -5.2616 0.1330 0.5448 0.0000 0.0000 205.0000 3.9689 4.0000 
420 421 1 9.8981 7.0968 -5.2616 10.3184 7.3690 -5.4237 0.1330 0.5264 0.0000 0.0000 205.0000 4.3000 4.0000 
421 422 1 10.3184 7.3690 -5.4237 10.7204 7.6462 -5.5639 0.1330 0.5080 0.0000 0.0000 205.0000 4.3114 4.0000 
422 423 1 10.7204 7.6462 -5.5639 11.1636 7.9032 -5.7062 0.1330 0.5317 0.0000 0.0000 205.0000 4.4882 4.0000 
423 424 1 11.1636 7.9032 -5.7062 11.5606 8.1484 -5.8300 0.1330 0.4827 0.0000 0.0000 205.0000 4.6493 4.0000 
424 425 1 11.5606 8.1484 -5.8300 11.9092 8.3542 -5.9457 0.1330 0.4211 0.0000 0.0000 205.0000 4.7901 4.0000 
425 426 1 11.9092 8.3542 -5.9457 12.3383 8.6032 -6.0926 0.1330 0.5174 0.0000 0.0000 205.0000 4.9637 4.0000 
426 427 1 12.3383 8.6032 -6.0926 12.7769 8.9428 -6.2811 0.1330 0.5859 0.0000 0.0000 205.0000 5.3010 4.0000 
427 428 1 12.7769 8.9428 -6.2811 13.1690 9.1861 -6.4126 0.1330 0.4798 0.0000 0.0000 205.0000 5.3234 4.0000 
428 429 1 13.1690 9.1861 -6.4126 13.4673 9.4123 -6.5311 0.1330 0.3926 0.0000 0.0000 205.0000 5.4563 4.0000 
429 430 1 13.4673 9.4123 -6.5311 13.7551 9.6187 -6.6464 0.1330 0.3725 0.0000 0.0000 205.0000 5.5827 4.0000 
430 431 1 13.7551 9.6187 -6.6464 14.1625 9.9075 -6.7777 0.1330 0.5164 0.0000 0.0000 205.0000 5.7584 4.0000 
431 432 1 14.1625 9.9075 -6.7777 14.5361 10.1958 -6.9678 0.1330 0.5087 0.0000 0.0000 205.0000 5.9320 4.0000 
432 433 1 14.5361 10.1958 -6.9678 15.2818 10.7416 -7.3415 0.1330 0.9967 0.0000 0.0000 205.0000 6.2749 4.0000 
433 434 1 15.2818 10.7416 -7.3415 15.3401 10.7819 -7.3684 0.1330 0.0759 0.0000 0.0000 205.0000 6.3011 4.0000 
434 435 1 15.3401 10.7819 -7.3684 15.7445 11.0134 -7.4896 0.1330 0.4814 0.0000 0.0000 205.0000 6.4670 4.0000 
435 436 1 15.7445 11.0134 -7.4896 16.1824 11.2329 -7.6242 0.1330 0.5081 0.0000 0.0000 205.0000 6.6426 4.0000 
436 437 1 16.1824 11.2329 -7.6242 16.5952 11.4138 -7.7921 0.1330 0.4809 0.0000 0.0000 205.0000 6.8093 4.0000 
437 438 1 16.5952 11.4138 -7.7921 16.9524 11.6296 -7.9723 0.1330 0.4546 0.0000 0.0000 205.0000 6.9674 4.0000 
438 439 1 16.9524 11.6296 -7.9723 17.6777 12.1651 -8.4049 0.1330 1.0000 0.0000 0.0000 205.0000 7.3171 4.0000 
439 440 1 17.6777 12.1651 -8.4049 17.9930 12.3894 -8.6022 0.1330 0.4344 0.0000 0.0000 205.0000 7.4695 4.0000 
440 441 1 17.9930 12.3894 -8.6022 18.3201 12.6265 -8.8253 0.1330 0.4615 0.0000 0.0000 205.0000 7.6319 4.0000 
441 442 1 18.3201 12.6265 -8.8253 18.7030 12.9331 -9.0909 0.1330 0.5578 0.0000 0.0000 205.0000 7.8288 4.0000 
442 443 1 18.7030 12.9331 -9.0909 19.4452 13.3434 -9.6136 0.1330 0.9963 0.0000 0.0000 205.0000 8.1835 4.0000 
443 444 1 19.4452 13.3434 -9.6136 19.5488 13.4007 -9.6866 0.1330 0.1391 0.0000 0.0000 205.0000 8.2330 4.0000 
444 445 1 19.5488 13.4007 -9.6866 19.8784 13.5977 -9.9420 0.1330 0.4611 0.0000 0.0000 205.0000 8.3975 4.0000 
445 446 1 19.8784 13.5977 -9.9420 20.2396 13.8399 -10.2621 0.1330 0.5400 0.0000 0.0000 205.0000 8.5907 4.0000 
446 447 1 20.2396 13.8399 -10.2621 20.6437 14.0543 -10.5750 0.1330 0.5543 0.0000 0.0000 205.0000 8.7898 4.0000 
447 448 1 20.6437 14.0543 -10.5750 20.9918 14.2398 -10.8524 0.1330 0.4822 0.0000 0.0000 205.0000 8.9635 4.0000 
448 449 1 20.9918 14.2398 -10.8524 21.7360 14.5827 -11.4255 0.1330 0.9999 0.0000 0.0000 205.0000 9.3259 4.0000 
449 450 1 21.7360 14.5827 -11.4255 22.0351 14.7406 -11.6796 0.1330 0.4230 0.0000 0.0000 205.0000 9.4797 4.0000 
450 451 1 22.0351 14.7406 -11.6796 22.3495 14.9148 -11.9004 0.1330 0.4219 0.0000 0.0000 205.0000 9.6336 4.0000 
451 452 1 22.3495 14.9148 -11.9004 22.7072 15.1249 -12.1488 0.1330 0.4836 0.0000 0.0000 205.0000 9.8105 4.0000 
452 453 1 22.7072 15.1249 -12.1488 23.0613 15.3269 -12.3727 0.1330 0.4651 0.0000 0.0000 205.0000 9.9811 4.0000 
453 454 1 23.0613 15.3269 -12.3727 23.8025 15.8013 -12.8464 0.1330 0.9994 0.0000 0.0000 205.0000 10.3498 4.0000 
454 455 1 23.8025 15.8013 -12.8464 23.8227 15.8142 -12.8593 0.1330 0.0272 0.0000 0.0000 205.0000 10.3599 4.0000 
455 456 1 23.8227 15.8142 -12.8593 24.1963 15.9786 -13.0399 0.1330 0.4463 0.0000 0.0000 205.0000 10.5253 4.0000 
456 457 1 24.1963 15.9786 -13.0399 24.6277 16.1493 -13.2496 0.1330 0.5092 0.0000 0.0000 205.0000 10.7145 4.0000 
457 458 1 24.6277 16.1493 -13.2496 25.0950 16.3689 -13.4755 0.1330 0.5635 0.0000 0.0000 205.0000 10.9248 4.0000 
458 459 1 25.0950 16.3689 -13.4755 25.9141 16.7516 -13.9002 0.1330 0.9989 0.0000 0.0000 205.0000 11.2995 4.0000 
459 460 1 25.9141 16.7516 -13.9002 26.3300 16.9370 -14.1266 0.1330 0.5085 0.0000 0.0000 205.0000 11.4911 4.0000 
460 461 1 26.3300 16.9370 -14.1266 26.7868 17.1342 -14.3521 0.1330 0.5463 0.0000 0.0000 205.0000 11.6978 4.0000 
461 462 1 26.7868 17.1342 -14.3521 27.1347 17.3248 -14.5644 0.1330 0.4499 0.0000 0.0000 205.0000 11.8685 4.0000 
462 463 1 27.1347 17.3248 -14.5644 27.9058 17.7192 -15.0642 0.1330 1.0000 0.0000 0.0000 205.0000 12.2501 4.0000 
463 464 1 27.9058 17.7192 -15.0642 28.1988 17.8743 -15.2557 0.1330 0.3829 0.0000 0.0000 205.0000 12.3968 4.0000 
464 465 1 28.1988 17.8743 -15.2557 28.6332 18.1044 -15.5674 0.1330 0.5820 0.0000 0.0000 205.0000 12.6206 4.0000 
465 466 1 28.6332 18.1044 -15.5674 28.9938 18.3022 -15.8488 0.1330 0.4983 0.0000 0.0000 205.0000 12.8129 4.0000 
466 467 1 28.9938 18.3022 -15.8488 29.3424 18.5004 -16.1186 0.1330 0.4833 0.0000 0.0000 205.0000 13.0000 4.0000 
397 468 50 0.4576 0.3001 -3.0957 0.1696 1.1258 -3.5747 0.0465 0.9972 238.0000 23.8000 0.0000 7.7477 2.0000 
468 469 50 0.1696 1.1258 -3.5747 -0.0832 1.9629 -4.0596 0.0465 0.9998 238.0000 23.8000 0.0000 9.3929 2.0000 
469 470 50 -0.0832 1.9629 -4.0596 -0.3203 2.8249 -4.5071 0.0465 0.9998 238.0000 23.8000 0.0000 11.3426 2.0000 
470 471 50 -0.3203 2.8249 -4.5071 -0.4926 3.4437 -4.8293 0.0465 0.7185 238.0000 23.8000 0.0000 13.0000 2.0000 
398 472 51 0.8341 0.5559 -3.0891 1.1089 0.5841 -4.0470 0.0528 0.9970 238.0000 23.8000 0.0000 7.8884 2.0000 
472 473 51 1.1089 0.5841 -4.0470 1.4021 0.5421 -5.0012 0.0528 0.9990 238.0000 23.8000 0.0000 9.4716 2.0000 
473 474 51 1.4021 0.5421 -5.0012 1.6847 0.5075 -5.9594 0.0528 0.9996 238.0000 23.8000 0.0000 11.2796 2.0000 
474 475 51 1.6847 0.5075 -5.9594 1.9230 0.4882 -6.7529 0.0528 0.8288 238.0000 23.8000 0.0000 13.0000 2.0000 
399 476 52 1.2384 0.8345 -3.0810 1.2541 0.9268 -4.0765 0.0492 1.0000 238.0000 23.8000 0.0000 8.0572 2.0000 
476 477 52 1.2541 0.9268 -4.0765 1.3572 1.0329 -5.0628 0.0492 0.9973 238.0000 23.8000 0.0000 9.6345 2.0000 
477 478 52 1.3572 1.0329 -5.0628 1.4560 1.1490 -6.0473 0.0492 0.9962 238.0000 23.8000 0.0000 11.4311 2.0000 
478 479 52 1.4560 1.1490 -6.0473 1.5597 1.2373 -6.8024 0.0492 0.7672 238.0000 23.8000 0.0000 13.0000 2.0000 
400 480 53 1.7006 1.1933 -3.0843 1.3383 2.0746 -3.3861 0.0494 0.9995 238.0000 23.8000 0.0000 8.2631 2.0000 
480 481 53 1.3383 2.0746 -3.3861 0.9849 2.9635 -3.6775 0.0494 0.9999 238.0000 23.8000 0.0000 9.8525 2.0000 
481 482 53 0.9849 2.9635 -3.6775 0.7005 3.8606 -3.9998 0.0494 0.9948 238.0000 23.8000 0.0000 11.6742 2.0000 
482 483 53 0.7005 3.8606 -3.9998 0.4933 4.4419 -4.1753 0.0494 0.6416 238.0000 23.8000 0.0000 13.0000 2.0000 
401 484 54 2.0787 1.4899 -3.0832 1.7001 2.1315 -2.4174 0.0485 0.9991 238.0000 23.8000 0.0000 8.4217 2.0000 
484 485 54 1.7001 2.1315 -2.4174 1.3166 2.7790 -1.7592 0.0485 0.9998 238.0000 23.8000 0.0000 9.9804 2.0000 
485 486 54 1.3166 2.7790 -1.7592 0.9428 3.4413 -1.1141 0.0485 0.9972 238.0000 23.8000 0.0000 11.7359 2.0000 
486 487 54 0.9428 3.4413 -1.1141 0.6646 3.8768 -0.7280 0.0485 0.6451 238.0000 23.8000 0.0000 13.0000 2.0000 
402 488 55 2.4613 1.7579 -3.1206 2.4764 1.5744 -4.1024 0.0429 0.9989 238.0000 23.8000 0.0000 8.5996 2.0000 
488 489 55 2.4764 1.5744 -4.1024 2.4995 1.3890 -5.0844 0.0429 0.9997 238.0000 23.8000 0.0000 10.2119 2.0000 
489 490 55 2.4995 1.3890 -5.0844 2.5060 1.2011 -6.0666 0.0429 1.0000 238.0000 23.8000 0.0000 12.0834 2.0000 
490 491 55 2.5060 1.2011 -6.0666 2.5125 1.1197 -6.4931 0.0429 0.4342 238.0000 23.8000 0.0000 13.0000 2.0000 
403 492 61 2.9274 2.1152 -3.1847 3.6059 1.5441 -2.7227 0.0541 0.9999 238.0000 23.8000 0.0000 8.7888 2.0000 
492 493 61 3.6059 1.5441 -2.7227 4.2915 0.9893 -2.2516 0.0541 0.9999 238.0000 23.8000 0.0000 10.3350 2.0000 
493 494 61 4.2915 0.9893 -2.2516 4.9916 0.4476 -1.7865 0.0541 0.9999 238.0000 23.8000 0.0000 12.0641 2.0000 
494 495 61 4.9916 0.4476 -1.7865 5.3442 0.1514 -1.6075 0.0541 0.4940 238.0000 23.8000 0.0000 13.0000 2.0000 
404 496 62 3.3245 2.3914 -3.2560 2.8295 3.0911 -2.7420 0.0503 0.9994 238.0000 23.8000 0.0000 8.9707 2.0000 
496 497 62 2.8295 3.0911 -2.7420 2.3027 3.7964 -2.2697 0.0503 0.9991 238.0000 23.8000 0.0000 10.5533 2.0000 
497 498 62 2.3027 3.7964 -2.2697 1.7696 4.4990 -1.7987 0.0503 0.9998 238.0000 23.8000 0.0000 12.3598 2.0000 
498 499 62 1.7696 4.4990 -1.7987 1.5942 4.7134 -1.6349 0.0503 0.3218 238.0000 23.8000 0.0000 13.0000 2.0000 
405 500 63 3.7190 2.6742 -3.3171 4.0670 1.8164 -3.6943 0.0460 0.9996 238.0000 23.8000 0.0000 9.1400 2.0000 
500 501 63 4.0670 1.8164 -3.6943 4.4517 0.9622 -4.0364 0.0460 0.9973 238.0000 23.8000 0.0000 10.7106 2.0000 
501 502 63 4.4517 0.9622 -4.0364 4.7987 0.0897 -4.3795 0.0460 0.9997 238.0000 23.8000 0.0000 12.4913 2.0000 
502 503 63 4.7987 0.0897 -4.3795 4.8945 -0.1388 -4.4648 0.0460 0.2620 238.0000 23.8000 0.0000 13.0000 2.0000 
406 504 64 4.0819 2.9317 -3.3829 4.3354 2.0966 -3.8712 0.0482 1.0000 238.0000 23.8000 0.0000 9.3032 2.0000 
504 505 64 4.3354 2.0966 -3.8712 4.5125 1.2489 -4.3677 0.0482 0.9983 238.0000 23.8000 0.0000 10.8899 2.0000 
505 506 64 4.5125 1.2489 -4.3677 4.6003 0.3774 -4.8495 0.0482 0.9996 238.0000 23.8000 0.0000 12.7055 2.0000 
506 507 64 4.6003 0.3774 -4.8495 4.6234 0.2560 -4.9328 0.0482 0.1491 238.0000 23.8000 0.0000 13.0000 2.0000 
407 508 65 4.4622 3.2121 -3.4765 4.6610 2.6411 -4.2729 0.0452 0.9999 238.0000 23.8000 0.0000 9.4713 2.0000 
508 509 65 4.6610 2.6411 -4.2729 4.8797 2.0602 -5.0569 0.0452 1.0000 238.0000 23.8000 0.0000 11.0490 2.0000 
509 510 65 4.8797 2.0602 -5.0569 5.0884 1.4868 -5.8486 0.0452 0.9996 238.0000 23.8000 0.0000 12.8426 2.0000 
510 511 65 5.0884 1.4868 -5.8486 5.1068 1.4439 -5.9153 0.0452 0.0814 238.0000 23.8000 0.0000 13.0000 2.0000 
408 512 66 4.8507 3.5130 -3.5695 5.4814 2.8916 -3.1082 0.0458 0.9984 238.0000 23.8000 0.0000 9.6501 2.0000 
512 513 66 5.4814 2.8916 -3.1082 6.0722 2.2752 -2.5881 0.0458 0.9997 238.0000 23.8000 0.0000 11.2307 2.0000 
513 514 66 6.0722 2.2752 -2.5881 6.6411 1.6792 -2.0531 0.0458 0.9824 238.0000 23.8000 0.0000 13.0000 2.0000 
409 515 72 5.5646 4.0780 -3.7435 5.3353 4.1865 -2.7471 0.0400 1.0282 238.0000 23.8000 0.0000 9.8192 2.0000 
515 516 72 5.3353 4.1865 -2.7471 5.4445 4.6320 -1.8596 0.0400 0.9991 238.0000 23.8000 0.0000 11.4262 2.0000 
516 517 72 5.4445 4.6320 -1.8596 5.5371 4.9970 -1.0901 0.0400 0.8567 238.0000 23.8000 0.0000 13.0000 2.0000 
409 518 73 5.5646 4.0780 -3.7435 6.2327 3.6502 -3.1353 0.0523 0.9996 238.0000 23.8000 0.0000 9.9722 2.0000 
518 519 73 6.2327 3.6502 -3.1353 6.9205 3.2342 -2.5405 0.0523 0.9999 238.0000 23.8000 0.0000 11.5189 2.0000 
519 520 73 6.9205 3.2342 -2.5405 7.5230 2.8918 -2.0259 0.0523 0.8632 238.0000 23.8000 0.0000 13.0000 2.0000 
410 521 74 5.9254 4.3617 -3.8206 6.3616 4.1608 -2.9437 0.0367 0.9999 238.0000 23.8000 0.0000 10.1547 2.0000 
521 522 74 6.3616 4.1608 -2.9437 6.7762 3.9242 -2.0656 0.0367 0.9994 238.0000 23.8000 0.0000 11.7559 2.0000 
522 523 74 6.7762 3.9242 -2.0656 7.0616 3.7723 -1.4558 0.0367 0.6902 238.0000 23.8000 0.0000 13.0000 2.0000 
411 524 75 6.3093 4.6651 -3.9195 6.1829 5.2886 -3.1490 0.0475 0.9992 238.0000 23.8000 0.0000 10.3186 2.0000 
524 525 75 6.1829 5.2886 -3.1490 6.1237 5.9319 -2.3879 0.0475 0.9983 238.0000 23.8000 0.0000 11.8636 2.0000 
525 526 75 6.1237 5.9319 -2.3879 6.0826 6.3652 -1.8770 0.0475 0.6712 238.0000 23.8000 0.0000 13.0000 2.0000 
412 527 76 6.6501 4.9155 -4.0162 7.1662 4.2798 -3.4469 0.0447 0.9973 238.0000 23.8000 0.0000 10.4788 2.0000 
527 528 76 7.1662 4.2798 -3.4469 7.6929 3.6300 -2.8988 0.0447 1.0000 238.0000 23.8000 0.0000 12.0372 2.0000 
528 529 76 7.6929 3.6300 -2.8988 7.9863 3.2603 -2.5893 0.0447 0.5644 238.0000 23.8000 0.0000 13.0000 2.0000 
413 530 77 7.0147 5.1613 -4.1589 7.0947 4.7549 -5.0676 0.0564 0.9986 238.0000 23.8000 0.0000 10.6551 2.0000 
530 531 77 7.0947 4.7549 -5.0676 7.0859 4.4261 -6.0111 0.0564 0.9992 238.0000 23.8000 0.0000 12.2499 2.0000 
531 532 77 7.0859 4.4261 -6.0111 7.1079 4.2766 -6.4124 0.0564 0.4288 238.0000 23.8000 0.0000 13.0000 2.0000 
414 533 78 7.4509 5.4552 -4.3298 7.3986 6.4026 -4.0144 0.0496 0.9999 238.0000 23.8000 0.0000 10.8459 2.0000 
533 534 78 7.3986 6.4026 -4.0144 7.3267 7.3460 -3.6957 0.0496 0.9984 238.0000 23.8000 0.0000 12.3998 2.0000 
534 535 78 7.3267 7.3460 -3.6957 7.2793 7.6739 -3.5602 0.0496 0.3579 238.0000 23.8000 0.0000 13.0000 2.0000 
415 536 84 7.8447 5.7223 -4.4933 7.9830 5.2730 -5.3754 0.0563 0.9995 238.0000 23.8000 0.0000 11.0538 2.0000 
536 537 84 7.9830 5.2730 -5.3754 8.0590 4.7954 -6.2501 0.0563 0.9995 238.0000 23.8000 0.0000 12.6758 2.0000 
537 538 84 8.0590 4.7954 -6.2501 8.0858 4.7152 -6.4127 0.0563 0.1833 238.0000 23.8000 0.0000 13.0000 2.0000 
416 539 85 8.2831 6.0059 -4.6753 7.6592 6.7778 -4.7734 0.0484 0.9974 238.0000 23.8000 0.0000 11.2493 2.0000 
539 540 85 7.6592 6.7778 -4.7734 7.0578 7.5700 -4.8606 0.0484 0.9984 238.0000 23.8000 0.0000 12.8668 2.0000 
540 541 85 7.0578 7.5700 -4.8606 7.0134 7.6317 -4.8668 0.0484 0.0763 238.0000 23.8000 0.0000 13.0000 2.0000 
417 542 86 8.7254 6.3269 -4.8351 8.7626 6.2688 -5.8322 0.0446 0.9994 238.0000 23.8000 0.0000 11.4463 2.0000 
542 543 86 8.7626 6.2688 -5.8322 8.8517 6.2366 -6.8100 0.0446 0.9824 238.0000 23.8000 0.0000 13.0000 2.0000 
418 544 87 9.0893 6.5845 -4.9674 8.9548 7.2204 -4.2106 0.0500 0.9976 238.0000 23.8000 0.0000 11.6363 2.0000 
544 545 87 8.9548 7.2204 -4.2106 8.8396 7.7673 -3.5839 0.0500 0.8398 238.0000 23.8000 0.0000 13.0000 2.0000 
419 546 88 9.4595 6.8179 -5.0984 9.0447 7.7204 -5.2102 0.0551 0.9995 238.0000 23.8000 0.0000 11.7826 2.0000 
546 547 88 9.0447 7.7204 -5.2102 8.7434 8.4469 -5.2827 0.0551 0.7898 238.0000 23.8000 0.0000 13.0000 2.0000 
420 548 89 9.8981 7.0968 -5.2616 10.4995 6.4329 -4.8175 0.0505 0.9998 238.0000 23.8000 0.0000 12.0188 2.0000 
548 549 89 10.4995 6.4329 -4.8175 10.8694 6.0191 -4.5590 0.0505 0.6123 238.0000 23.8000 0.0000 13.0000 2.0000 
421 550 95 10.3184 7.3690 -5.4237 9.7650 8.1879 -5.5756 0.0489 1.0000 238.0000 23.8000 0.0000 12.1816 2.0000 
550 551 95 9.7650 8.1879 -5.5756 9.4667 8.6284 -5.6548 0.0489 0.5378 238.0000 23.8000 0.0000 13.0000 2.0000 
422 552 96 10.7204 7.6462 -5.5639 11.4464 7.0648 -5.1969 0.0504 0.9999 238.0000 23.8000 0.0000 12.3645 2.0000 
552 553 96 11.4464 7.0648 -5.1969 11.7385 6.7923 -5.0505 0.0504 0.4254 238.0000 23.8000 0.0000 13.0000 2.0000 
423 554 97 11.1636 7.9032 -5.7062 10.9061 8.7608 -5.2617 0.0480 0.9997 238.0000 23.8000 0.0000 12.5717 2.0000 
554 555 97 10.9061 8.7608 -5.2617 10.8376 8.9988 -5.1211 0.0480 0.2847 238.0000 23.8000 0.0000 13.0000 2.0000 
424 556 98 11.5606 8.1484 -5.8300 11.5984 8.9530 -5.2386 0.0486 0.9994 238.0000 23.8000 0.0000 12.7470 2.0000 
556 557 98 11.5984 8.9530 -5.2386 11.6111 9.0908 -5.1381 0.0486 0.1710 238.0000 23.8000 0.0000 13.0000 2.0000 
425 558 99 11.9092 8.3542 -5.9457 12.1897 7.4658 -6.3086 0.0510 0.9997 238.0000 23.8000 0.0000 12.9173 2.0000 
558 559 99 12.1897 7.4658 -6.3086 12.2051 7.4174 -6.3303 0.0510 0.0553 238.0000 23.8000 0.0000 13.0000 2.0000 
426 560 100 12.3383 8.6032 -6.0926 11.7482 9.3031 -6.2714 0.0511 0.9328 238.0000 23.8000 0.0000 13.0000 2.0000 
427 561 106 12.7769 8.9428 -6.2811 12.3631 9.5856 -6.4179 0.0584 0.7766 238.0000 23.8000 0.0000 13.0000 2.0000 
428 562 107 13.1690 9.1861 -6.4126 12.8935 9.7505 -6.5637 0.0533 0.6459 238.0000 23.8000 0.0000 13.0000 2.0000 
429 563 108 13.4673 9.4123 -6.5311 13.4104 9.1067 -6.9727 0.0474 0.5400 238.0000 23.8000 0.0000 13.0000 2.0000 
430 564 109 13.7551 9.6187 -6.6464 13.8103 9.3804 -7.0081 0.0535 0.4366 238.0000 23.8000 0.0000 13.0000 2.0000 
431 565 110 14.1625 9.9075 -6.7777 14.0153 10.1163 -6.9240 0.0562 0.2944 238.0000 23.8000 0.0000 13.0000 2.0000 
432 566 111 14.5361 10.1958 -6.9678 14.6335 10.1723 -6.8548 0.0465 0.1510 238.0000 23.8000 0.0000 13.0000 2.0000 
567 568 2 0.0000 0.0000 -3.1000 0.3340 0.4181 -3.2542 0.1395 0.5569 0.0000 0.0000 205.0000 0.1699 4.0000 
568 569 2 0.3340 0.4181 -3.2542 0.6627 0.7818 -3.4213 0.1395 0.5179 0.0000 0.0000 205.0000 0.3284 4.0000 
569 570 2 0.6627 0.7818 -3.4213 0.9597 1.1063 -3.5920 0.1395 0.4718 0.0000 0.0000 205.0000 0.4731 4.0000 
570 571 2 0.9597 1.1063 -3.5920 1.2547 1.4373 -3.7724 0.1395 0.4787 0.0000 0.0000 205.0000 0.6204 4.0000 
571 572 2 1.2547 1.4373 -3.7724 1.5590 1.7734 -3.9578 0.1395 0.4899 0.0000 0.0000 205.0000 0.7716 4.0000 
572 573 2 1.5590 1.7734 -3.9578 1.9105 2.1555 -4.1996 0.1395 0.5727 0.0000 0.0000 205.0000 0.9488 4.0000 
573 574 2 1.9105 2.1555 -4.1996 2.4847 2.8364 -4.6525 0.1395 0.9992 0.0000 0.0000 205.0000 1.2598 4.0000 
574 575 2 2.4847 2.8364 -4.6525 2.5696 2.9312 -4.7083 0.1395 0.1390 0.0000 0.0000 205.0000 1.3031 4.0000 
575 576 2 2.5696 2.9312 -4.7083 2.8787 3.2458 -4.8852 0.1395 0.4752 0.0000 0.0000 205.0000 1.4516 4.0000 
576 577 2 2.8787 3.2458 -4.8852 3.2604 3.6130 -5.0808 0.1395 0.5646 0.0000 0.0000 205.0000 1.6286 4.0000 
577 578 2 3.2604 3.6130 -5.0808 3.6322 3.9697 -5.2910 0.1395 0.5565 0.0000 0.0000 205.0000 1.8036 4.0000 
578 579 2 3.6322 3.9697 -5.2910 3.9006 4.2783 -5.4880 0.1395 0.4539 0.0000 0.0000 205.0000 1.9467 4.0000 
579 580 2 3.9006 4.2783 -5.4880 4.5008 4.9517 -5.9194 0.1395 0.9999 0.0000 0.0000 205.0000 2.2635 4.0000 
580 581 2 4.5008 4.9517 -5.9194 4.7560 5.2222 -6.1088 0.1395 0.4173 0.0000 0.0000 205.0000 2.3963 4.0000 
581 582 2 4.7560 5.2222 -6.1088 5.0693 5.5780 -6.3690 0.1395 0.5408 0.0000 0.0000 205.0000 2.5688 4.0000 
582 583 2 5.0693 5.5780 -6.3690 5.3296 5.8892 -6.5969 0.1395 0.4654 0.0000 0.0000 205.0000 2.7177 4.0000 
583 584 2 5.3296 5.8892 -6.5969 5.6010 6.2593 -6.8832 0.1395 0.5409 0.0000 0.0000 205.0000 2.8913 4.0000 
584 585 2 5.6010 6.2593 -6.8832 6.0845 6.9009 -7.4768 0.1395 0.9989 0.0000 0.0000 205.0000 3.2141 4.0000 
585 586 2 6.0845 6.9009 -7.4768 6.2813 7.1892 -7.7147 0.1395 0.4224 0.0000 0.0000 205.0000 3.3509 4.0000 
586 587 2 6.2813 7.1892 -7.7147 6.4903 7.4948 -7.9576 0.1395 0.4428 0.0000 0.0000 205.0000 3.4946 4.0000 
587 588 2 6.4903 7.4948 -7.9576 6.7257 7.8373 -8.2301 0.1395 0.4970 0.0000 0.0000 205.0000 3.6564 4.0000 
588 589 2 6.7257 7.8373 -8.2301 7.0249 8.2080 -8.5184 0.1395 0.5568 0.0000 0.0000 205.0000 3.8383 4.0000 
589 590 2 7.0249 8.2080 -8.5184 7.5533 8.8705 -9.0492 0.1395 1.0000 0.0000 0.0000 205.0000 4.1665 4.0000 
590 591 2 7.5533 8.8705 -9.0492 7.6134 8.9452 -9.1104 0.1395 0.1137 0.0000 0.0000 205.0000 4.2039 4.0000 
591 592 2 7.6134 8.9452 -9.1104 7.8816 9.2754 -9.3799 0.1395 0.5035 0.0000 0.0000 205.0000 4.3700 4.0000 
592 593 2 7.8816 9.2754 -9.3799 8.1052 9.6020 -9.6401 0.1395 0.4737 0.0000 0.0000 205.0000 4.5268 4.0000 
593 594 2 8.1052 9.6020 -9.6401 8.3187 9.9676 -9.9265 0.1395 0.5111 0.0000 0.0000 205.0000 4.6964 4.0000 
594 595 2 8.3187 9.9676 -9.9265 8.5145 10.3406 -10.2200 0.1395 0.5135 0.0000 0.0000 205.0000 4.8674 4.0000 
595 596 2 8.5145 10.3406 -10.2200 8.8490 11.0715 -10.8129 0.1395 0.9988 0.0000 0.0000 205.0000 5.2019 4.0000 
596 597 2 8.8490 11.0715 -10.8129 8.8631 11.0991 -10.8344 0.1395 0.0377 0.0000 0.0000 205.0000 5.2146 4.0000 
597 598 2 8.8631 11.0991 -10.8344 9.0275 11.4746 -11.1623 0.1395 0.5249 0.0000 0.0000 205.0000 5.3911 4.0000 
598 599 2 9.0275 11.4746 -11.1623 9.1291 11.7428 -11.4073 0.1395 0.3772 0.0000 0.0000 205.0000 5.5183 4.0000 
599 600 2 9.1291 11.7428 -11.4073 9.2356 12.0374 -11.6900 0.1395 0.4220 0.0000 0.0000 205.0000 5.6609 4.0000 
600 601 2 9.2356 12.0374 -11.6900 9.3932 12.4002 -12.0603 0.1395 0.5417 0.0000 0.0000 205.0000 5.8446 4.0000 
601 602 2 9.3932 12.4002 -12.0603 9.5003 12.7215 -12.3670 0.1395 0.4569 0.0000 0.0000 205.0000 6.0000 4.0000 
568 603 133 0.3340 0.4181 -3.2542 0.1459 0.6086 -3.0587 0.0483 0.3314 238.0000 23.8000 0.0000 6.0000 2.0000 
569 604 134 0.6627 0.7818 -3.4213 0.5392 0.9099 -3.3225 0.0511 0.2036 238.0000 23.8000 0.0000 6.0000 2.0000 
570 605 135 0.9597 1.1063 -3.5920 0.9989 1.0466 -3.6390 0.0483 0.0855 238.0000 23.8000 0.0000 6.0000 2.0000 
